451
102
250
573
478
-250
243
-38
-26
105
36
372
194
31
113
85
382
-52
80
-218
-653
167
221
-189
581
-372
11
-47
392
376
39
96
-227
-507
-89
40
314
307
-99
-77
-268
-363
-436
499
-130
-112
-320
199
-413
-54
-229
99
-130
-302
-7
109
17
77
-162
-92
-172
-92
-208
-441
45
-102
-417
118
-232
13
186
33
291
-316
102
-175
-222
-148
-79
14
-298
230
119
-393
380
485
301
-46
-274
269
-103
312
53
250
91
180
2
457
32
102
482
-345
-325
248
-300
497
-105
-191
492
379
478
231
-220
488
-68
205
242
-39
157
236
96
-281
76
339
-177
-38
-111
473
172
104
-197
138
-172
8
-162
173
147
-53
101
-279
-381
112
42
162
610
241
-233
285
-336
-118
-17
438
-190
-211
-25
-169
288
-276
-293
-112
-127
493
243
22
-313
216
-256
-395
304
81
235
81
219
-166
-264
174
-205
-176
-116
4
-90
-351
-164
-569
160
-410
-282
13
-189
395
-330
68
-10
-299
133
-43
197
210
553
342
-94
-61
281
167
163
-413
-6
-188
71
-25
233
81
201
-119
-241
-104
-4
97
578
-10
-244
-88
-118
123
-394
16
40
59
-152
-60
-364
-126
-138
106
-295
199
382
-529
109
173
-163
-101
-34
-76
-79
-429
294
276
-208
-375
133
-147
36
-81
177
177
-185
-354
-405
156
-304
-129
-152
-13
-495
48
134
22
-79
24
102
-709
500
99
-167
-100
126
-29
-519
528
-28
261
-177
393
73
155
-267
310
176
333
-160
-123
589
-271
-34
291
25
149
-102
94
-334
424
-30
-174
170
-117
-341
-344
177
-40
-34
275
-288
-187
-98
24
-10
-73
-15
-27
-184
-208
70
-228
-296
-79
-40
577
-180
241
191
-304
197
-303
-680
155
-449
115
-175
424
273
-116
-176
-310
-112
-71
-93
40
148
89
-195
-368
349
-176
-166
-133
-471
-122
-122
158
178
0
238
87
-4
41
-48
-101
-68
-288
71
-254
215
-63
12
126
164
-402
-52
225
-434
99
-577
-261
9
-424
-252
-376
421
42
145
-57
-90
-413
-74
-194
219
292
375
218
-153
-285
196
91
-452
91
208
15
-47
-206
-370
204
-79
-59
443
175
94
36
389
440
237
149
-536
31
-33
24
241
-701
-145
69
-119
-362
222
70
-248
80
210
1
204
20
-101
-296
-21
49
224
-29
117
-246
-200
-28
-269
209
118
71
86
517
-120
-563
51
-12
-132
-250
-112
46
-128
617
-245
-203
-585
64
-516
-138
-70
-181
445
254
337
-225
288
126
197
263
-232
-108
220
-679
387
141
-11
56
-263
-89
281
332
690
-18
-168
-131
-260
-19
97
-8
280
-59
-88
-148
-417
-401
-301
333
229
351
-341
-503
-168
45
127
268
72
446
-56
-233
-430
-227
61
-227
239
361
-606
221
-573
102
313
16
-327
-149
-66
-46
-51
-28
54
-309
-61
388
-98
-113
276
-655
302
-161
41
24
241
-68
-173
332
-605
5
-345
-194
514
-11
49
-456
-186
50
90
157
2
134
116
-468
9
196
151
-93
-206
-286
-33
290
-499
-168
-291
200
-141
-120
-55
114
-100
-779
139
112
-56
-277
90
97
-120
-55
-238
-45
-396
106
-241
60
-359
-151
-28
-425
29
-97
-446
-333
154
229
-33
103
57
84
329
-385
173
-97
-57
-77
-96
-313
46
427
-14
0
-175
-30
119
-94
-116
103
-235
64
210
348
-23
350
264
-255
-311
-78
263
-18
-153
397
73
-594
81
133
57
115
-17
-337
-94
-242
-238
-323
115
25
-114
-166
-5
276
-513
96
-139
-482
-498
-233
56
100
-240
260
364
101
-151
287
193
222
-168
-725
541
-412
-9
609
84
243
-384
-455
-136
279
-88
-203
50
276
-369
-309
-201
280
60
545
239
-8
323
54
-180
174
-178
-74
339
-25
-205
-118
261
-141
-99
-130
47
-98
-410
-227
-238
318
208
150
-129
-208
-129
-269
639
-574
144
-328
-26
-252
-301
-291
449
-34
-196
142
2
184
-467
77
197
-425
114
434
-3
210
171
-181
10
-401
-115
68
185
6
184
-282
-26
4
473
-54
-127
5
-235
49
-93
-458
-14
-81
-417
-17
381
133
156
-343
122
38
135
108
-348
-10
-194
-12
-229
335
-219
-230
19
-275
-108
-212
361
201
-14
-100
240
103
127
-6
-432
-28
-136
165
259
-168
119
444
-170
430
-218
5
-2
2
-214
-151
-170
83
84
569
350
-130
83
255
7
-17
13
222
-217
-83
120
79
61
-94
248
546
104
-49
193
-138
-191
8
-661
-295
-89
-346
-264
-111
-420
-103
-137
6
295
44
5
25
58
-260
-29
79
-350
221
276
-161
-61
-224
179
-271
-56
-219
13
-459
339
-246
15
-54
-195
-227
239
-134
69
-205
-165
120
238
-44
-364
511
-219
-394
664
-103
-374
-174
94
48
-218
466
-133
-303
245
340
-209
-358
263
-524
-314
247
-14
-67
90
-39
-332
326
339
52
11
598
-70
-66
93
376
407
-66
78
-352
-79
-215
-257
430
-202
-136
93
332
123
706
-19
66
70
367
129
-29
-242
62
358
-105
135
63
221
-206
600
-327
-93
240
75
212
-127
-19
3
401
176
203
-168
248
57
355
515
-78
-104
-221
-36
-97
92
-37
-92
272
-240
110
-103
185
354
-77
112
45
-204
61
74
105
-50
24
-293
-91
142
228
-108
26
58
51
138
-465
-12
61
-256
428
41
400
-202
-232
57
-429
55
24
260
179
-106
-280
438
-202
-267
-277
286
-132
-192
35
-52
-173
193
272
252
196
103
-454
427
77
155
285
366
107
111
-153
8
-218
-184
-228
-39
268
811
48
-345
323
-77
-169
53
-317
56
-22
25
97
17
4
72
106
-264
-366
-15
-366
22
240
155
-268
-220
84
-102
-81
152
-252
-102
-204
-267
-219
173
13
-225
-59
-419
-187
550
-23
187
-16
89
169
-282
-7
404
-203
-145
-78
68
134
324
127
-15
322
180
-382
646
453
-43
96
339
-44
186
282
-259
-154
235
117
236
-33
-73
-511
-293
12
211
135
-32
-69
55
20
359
37
-379
-325
388
-299
195
-68
-43
-34
312
-49
-8
-391
52
135
61
357
14
76
422
-396
-116
365
239
173
213
83
417
96
61
40
49
-296
197
-33
466
-19
107
63
-160
253
487
-3
-76
-90
-484
-45
64
270
245
-106
-70
287
-44
-130
356
265
4
-152
-515
150
-229
-502
405
165
-291
-310
222
-224
331
157
137
103
49
225
-116
22
192
144
-305
-128
64
-104
454
-100
-41
196
84
-37
-193
77
266
122
-199
444
-370
-405
245
57
-140
-281
594
29
136
81
111
138
187
-96
-74
-445
-199
69
267
153
-87
-323
-711
294
-150
-114
33
-359
-89
518
129
91
-405
574
-364
492
-541
359
414
-211
108
140
-208
-370
-337
138
-21
-144
247
130
-193
-307
133
-137
25
403
128
-220
41
-243
411
-143
53
78
40
-501
-370
-115
81
-35
-245
-345
-102
-119
131
-83
154
-152
-65
-89
-200
160
-208
-133
-18
-332
-83
-182
-99
-15
-204
-56
335
-6
293
88
198
-198
26
34
-156
-210
-381
383
-248
344
-119
-220
159
-161
145
-85
122
-247
212
124
-235
676
138
586
409
-48
-105
-103
-468
-178
63
390
-197
225
-320
-150
-117
95
117
246
197
62
99
406
-130
198
-462
105
-123
0
266
42
226
377
99
299
-83
-2
-133
267
106
-129
39
266
-10
-242
33
-507
196
-107
-120
224
-349
498
-122
-133
261
181
627
-54
-30
-378
-85
-184
-114
-446
425
-362
-717
-304
-154
-294
281
-35
6
156
73
250
-284
-140
170
-648
-352
128
-122
239
207
-306
104
307
37
-250
225
162
138
183
-766
225
462
111
49
178
86
166
0
-196
-257
-255
-351
-273
450
193
-160
-99
28
-167
17
199
-9
86
226
-69
72
-79
-7
-83
-135
44
145
37
127
-188
-308
106
176
12
345
232
686
-51
-255
-189
-144
121
-552
337
-61
-63
-276
-29
3
-31
86
-150
-229
140
25
50
271
-261
-218
321
-379
-335
209
60
26
-23
8
-23
346
-101
-41
459
7
571
-26
350
-423
39
-405
216
-310
72
-72
-296
-414
-130
445
-75
234
-14
224
-467
-103
243
-41
-22
-110
294
76
11
164
150
54
396
-15
71
-164
38
406
-164
-290
255
-38
24
-11
20
217
-214
-259
21
-411
-351
477
193
-2
316
-266
-80
159
228
131
-650
-247
122
-91
650
237
142
-285
-9
61
288
225
264
-236
361
-353
-137
110
-38
-257
-210
-396
136
322
-25
-102
-376
233
566
-460
-272
-173
-144
58
413
258
135
-185
-286
-203
396
-15
-114
-47
211
-336
362
40
-55
113
55
-88
-64
-222
168
-136
-244
42
340
-12
-155
103
495
-371
97
52
297
253
-47
-431
206
-213
-242
293
-233
359
85
81
78
-419
-454
55
145
21
-210
4
-21
-245
259
-442
150
98
258
-257
25
555
169
25
138
22
560
251
-21
64
-100
309
-359
-410
373
551
119
28
168
-165
43
9
160
-398
-129
216
-172
-254
522
9
-148
-433
186
178
-76
-282
-6
-213
-241
-26
-269
63
155
-214
-350
399
-240
-168
54
153
-65
117
-102
-248
365
637
434
36
469
91
-122
119
-24
-251
-229
205
-472
154
-417
-543
-470
503
-50
22
363
239
-356
222
47
-87
6
327
-226
102
-2
-460
-205
49
332
256
152
-208
461
55
-257
-46
229
1
227
282
102
-219
34
11
475
-416
-34
-149
85
-624
285
3
-472
-92
155
-407
0
-270
-142
6
46
-120
69
209
-71
366
374
-109
-163
-426
-32
-93
199
-386
-71
247
-186
-195
-370
670
-191
-332
-205
-198
-68
211
-76
-236
-371
5
10
391
23
-25
-268
-78
-112
-94
-245
137
-36
-51
-438
126
124
-214
253
-349
-5
-69
-337
48
435
17
-118
114
27
7
-108
364
116
-135
-27
-189
-155
-164
-290
198
-74
141
-171
-15
-182
184
-63
-187
-420
70
-181
-4
-125
244
139
114
-157
119
438
-213
44
-422
358
-101
200
-441
460
-91
139
38
-65
431
-421
76
233
-7
-30
-36
-314
9
131
17
-69
-125
-71
321
-534
10
-83
372
14
380
-543
117
71
355
-420
-39
16
-126
311
-86
520
269
243
143
-272
-110
146
173
334
-119
-220
219
-207
223
307
116
-91
10
151
2
562
-253
-256
-250
-150
-557
-161
-167
20
106
-317
230
461
-53
403
50
509
286
-400
4
269
7
-9
325
-181
4
82
-85
-5
198
110
-207
-282
-202
0
-40
-212
-153
-389
106
-10
-322
7
343
-189
336
-82
50
25
358
40
-292
-335
-392
-438
11
-245
-20
-180
-197
-123
180
237
95
-253
164
176
70
-154
181
108
-797
164
-489
169
-39
305
-25
-226
-37
271
6
-29
190
53
-1
349
398
157
-73
383
302
184
-311
36
-190
-40
61
25
-121
325
-434
186
-475
97
-227
224
22
63
-260
-167
53
149
749
57
249
-398
-340
-91
-306
380
-105
353
380
10
128
-14
137
123
-31
129
441
182
83
31
-259
-262
82
-350
-196
328
490
-426
416
-54
-3
-29
276
-411
116
-241
146
394
0
95
104
-204
386
436
179
18
-118
-160
437
362
-16
-404
-724
-277
-33
358
-166
129
333
32
-36
-335
-307
106
-51
31
-12
170
-200
-85
485
-204
-72
-150
113
261
-127
-110
-71
135
-189
-96
-607
-353
-28
229
75
-281
-358
44
-423
272
16
-411
-247
-185
-197
-381
-223
-175
-182
288
26
-254
-85
-225
-76
224
64
585
96
-233
207
276
280
-280
-37
289
-431
-127
-365
-238
-259
320
-60
-221
-265
36
-2
344
128
-366
-161
273
-158
444
-281
146
-220
-130
281
-32
208
121
192
-227
-56
108
-217
417
-198
-76
-257
-548
460
-52
-114
-50
363
-247
173
-108
-152
145
252
-131
-196
-299
282
-147
-473
360
-350
199
46
73
-149
93
-426
150
398
226
-517
-251
-48
124
-27
-126
152
298
-59
186
-660
-240
-82
-125
85
259
129
-159
-389
142
-470
167
-48
-301
73
0
-9
-21
107
236
127
259
-11
414
146
-139
-280
52
-334
-249
61
-155
-238
-8
18
-52
-96
218
87
-57
630
49
289
-143
-348
-202
-68
-127
342
-30
118
-11
-110
9
438
-196
196
-262
-117
0
83
379
-12
-215
166
-93
61
-29
-497
130
149
237
460
-305
132
104
-107
101
127
-311
63
-235
-166
-454
-121
-52
140
0
-394
220
-30
125
247
364
502
-18
79
-276
271
-303
-462
212
-133
199
104
-417
-696
-280
4
-312
-167
-373
43
23
-123
357
383
144
-460
-282
104
-160
-124
230
130
336
-109
352
-141
383
27
-220
-417
-77
-65
219
-28
-110
275
-57
-147
147
-125
168
-152
-57
38
-95
-3
208
105
123
-162
218
171
257
-185
-44
162
-155
-57
493
499
317
240
-260
131
-91
-270
-130
29
-140
-141
202
36
59
28
-172
-350
79
-129
-514
-100
-279
178
133
127
-170
187
81
-104
-116
228
-121
77
264
488
425
230
-385
-176
-140
423
-179
98
25
-239
97
101
-321
313
-534
-151
248
-305
89
-331
-23
-592
-215
-394
-102
-106
-172
204
-227
162
417
35
-219
-319
-181
180
39
239
197
36
121
474
362
-77
253
149
290
171
-249
-414
146
487
-198
-48
-265
301
-590
-579
96
-21
-122
-77
137
-105
-280
-237
227
-134
-354
26
129
340
55
-168
121
186
-9
-11
66
-17
64
-261
-294
-214
164
66
266
-47
-292
293
-4
328
153
560
-56
230
228
-142
-44
-374
-396
32
203
163
87
220
-150
-69
188
110
-53
338
-330
-132
-72
209
0
-322
131
278
189
158
-479
-230
123
-14
133
-324
-15
-355
-500
75
215
62
-8
-399
257
-11
501
241
-513
193
-357
-194
-64
-24
101
-261
-294
153
-3
44
-561
-45
-228
-235
236
-280
-279
-84
115
-226
315
371
-225
-62
-199
-431
77
187
515
-229
342
343
50
154
223
505
122
-15
-221
78
262
62
-199
22
-33
67
-425
141
152
113
0
-462
-4
271
-220
-509
-394
80
95
226
-14
-384
-209
209
35
166
111
-52
-44
475
106
-32
116
57
-552
166
466
-199
372
-65
75
274
-184
318
-310
-224
-151
169
-87
-389
-55
-200
187
-87
18
-103
111
-46
83
-663
24
105
-51
171
189
333
26
-489
-585
-410
-9
-40
70
-160
-188
142
167
-65
-9
103
129
-292
-184
-315
-129
207
139
-281
131
21
-126
-360
-44
174
-553
-101
577
172
66
-188
-173
-21
410
119
-223
301
-74
434
-145
-256
44
251
265
40
-252
-129
-516
-233
-45
99
-86
-14
-101
192
-230
214
501
121
-134
-137
309
-288
-244
-298
-327
-267
202
282
-178
53
194
25
-244
-376
258
127
147
-283
60
161
80
-190
259
-391
237
276
402
-87
-255
203
-178
11
-81
-230
82
-356
151
-247
-443
-12
110
147
209
-602
-257
27
388
200
486
-134
70
-281
-103
-188
-162
-100
0
5
139
35
-88
-133
-78
-114
125
221
326
-204
120
-357
95
277
-38
274
-291
-227
-34
261
-106
-116
-253
51
319
179
178
-52
-144
173
-8
-44
229
-50
-214
232
20
-265
-284
24
598
-100
-86
390
-14
-370
-402
314
170
211
-14
-186
-55
34
-214
143
-322
-85
-52
-176
-564
114
-193
339
-87
-138
23
269
-144
259
368
253
416
330
387
410
53
-109
-579
-338
-114
-97
-39
-256
-408
-33
-48
-206
-189
-240
-101
-219
322
61
-248
-71
-302
259
354
320
-293
-23
-102
143
-258
-173
-105
39
177
-84
169
210
-54
-318
-299
151
-121
-438
156
33
-359
301
214
35
-326
-358
-78
-438
103
-361
42
-73
182
-240
70
-357
203
-29
126
-338
127
78
93
80
-49
317
-39
-189
-15
-243
-118
-45
-97
51
498
146
274
-128
-150
-96
218
-549
-264
26
-57
503
114
-169
-403
-87
-333
119
41
81
532
-232
-49
-310
-20
407
145
-29
64
-309
-100
21
25
-391
83
71
-96
1
-379
-378
34
-170
-2
214
-44
-719
-38
-123
-60
230
-404
62
401
-160
120
247
53
-175
-181
190
151
-201
-301
-327
425
-17
604
142
112
78
255
-247
552
-25
-180
77
279
-257
145
-183
-129
-125
195
-283
49
-87
-216
-310
-307
-418
229
-61
40
301
-312
-241
65
-466
-148
-236
84
-109
514
240
-218
-99
-88
846
-386
52
-533
-1
488
-104
282
-16
-108
-64
-150
-160
-340
385
-100
75
-224
285
-70
-23
-468
101
463
-222
-117
-291
33
16
180
141
-208
57
-84
-279
-32
973
592
35
445
-11
-13
-499
-245
-200
27
3
-148
-150
-42
-353
-156
-97
-319
-84
-213
316
-62
-48
109
142
-444
-96
-232
-37
-137
40
-250
-145
-151
277
94
94
-73
-98
143
199
3
292
326
-426
110
-10
99
285
-235
-414
283
-255
-175
52
-175
-407
8
-200
153
-129
-176
-53
269
232
-279
716
-83
-295
227
-92
551
216
-50
403
217
-314
227
-132
-21
33
-225
-341
94
-355
-659
-214
84
-69
324
47
-196
-112
-367
277
-353
-235
-41
0
-384
-231
67
289
89
-6
-399
-158
133
276
227
35
308
737
-152
-195
388
60
28
100
-167
-264
-198
318
-367
127
-142
-90
190
216
87
-479
402
335
23
2
461
242
-7
-74
-49
301
266
-413
118
221
-385
0
-454
33
-533
-174
-156
-181
371
137
-102
-238
-61
-263
249
511
269
84
-42
-103
446
-147
399
-289
-75
-438
40
-323
426
105
137
72
-279
31
470
2
-260
-474
-182
-451
212
199
-224
157
-147
-11
95
-113
107
-431
30
-8
-523
-463
-476
106
31
70
-339
291
251
-196
301
-64
-454
-417
187
-26
225
-22
68
543
357
-110
95
126
194
18
-126
0
-122
430
317
-52
109
-42
305
268
145
223
169
300
135
38
-147
-402
-7
-189
15
291
44
-106
-218
-366
341
-454
-239
-592
-80
-87
-103
-16
-210
-233
465
-85
232
-214
412
387
59
-281
22
12
61
-250
-389
41
-2
0
262
-377
258
-190
-101
-211
22
-487
-145
-132
323
38
178
1
-268
232
-216
-134
46
242
-51
386
-146
170
0
395
54
-480
278
-20
-141
313
-84
153
-196
-214
463
-201
-149
-437
417
101
60
249
-340
-138
-23
-396
335
-4
-82
60
-192
11
877
154
427
-90
-192
79
-343
-590
187
164
213
7
506
-22
-141
-769
-12
212
1
287
587
-44
315
-405
264
16
-56
-41
-40
-79
50
-44
-295
106
-155
268
-8
32
-524
-321
240
-187
-136
-71
349
95
335
-68
54
-308
301
27
11
86
370
-54
425
-217
108
514
-125
62
224
-35
-384
-270
148
228
200
293
18
53
-388
81
156
-149
164
-464
192
76
540
361
385
209
165
-302
-85
467
-372
-115
-363
371
-144
395
-105
-129
327
240
-695
115
153
53
-168
7
-101
54
-51
-159
41
205
73
-141
86
273
408
309
137
-258
-349
-51
-360
-200
-43
-123
-83
-339
59
255
-140
185
681
-23
166
50
248
-439
-270
36
227
33
-426
-210
-203
99
-195
-174
277
341
-105
108
-481
50
304
134
25
-99
-165
-45
-397
412
144
-26
-158
-18
204
258
-231
-249
532
290
181
-35
236
-325
392
-9
202
165
-33
-44
312
262
-453
-433
-242
-228
-286
69
-118
308
371
-7
430
6
-111
16
241
-413
-53
76
92
-94
125
74
-151
558
112
-84
-146
263
26
652
-111
-318
-7
44
-542
-79
-94
-94
-161
-343
194
-149
-262
-194
-120
27
171
-244
-122
-344
-868
39
389
133
-129
24
-300
-31
-109
-218
103
665
426
-18
226
220
-165
164
-368
-206
61
-106
449
165
-97
-120
47
-270
152
-352
159
-42
106
-259
62
617
-117
81
385
194
110
-259
-327
13
-118
-4
52
-173
126
475
-258
-120
-12
291
-303
-272
-553
-112
174
272
91
-153
180
52
-491
-314
387
82
-351
209
271
-111
168
-957
249
300
-287
72
-86
-26
-108
-341
483
-79
26
-258
-265
105
134
224
282
-53
-113
191
-163
223
95
295
171
-269
-221
187
488
-338
5
72
-390
122
-23
-536
415
-220
-328
107
142
188
-98
-2
-187
-335
276
-26
-46
-511
-45
-215
-44
-56
-114
240
114
288
-339
-166
-10
-104
-20
-302
-183
-420
-227
177
-54
385
-152
30
-310
665
-45
212
105
-149
-340
39
-142
-39
166
20
96
38
-375
357
301
-290
129
-169
-191
-1
447
270
154
-294
653
223
-601
102
-125
104
102
-235
467
51
240
345
-188
-233
287
356
-352
514
-60
177
144
-248
-221
-533
-294
-379
10
350
-6
86
199
174
-98
-374
-110
16
-223
92
-74
159
-205
-236
454
7
141
-281
-96
174
400
-185
-205
-5
-390
-7
-16
185
362
145
189
13
-92
-510
-226
55
-421
62
-102
-261
-120
186
226
-495
-38
233
-66
27
-382
-122
468
-201
-368
38
201
305
-132
56
139
166
-140
438
-175
181
-5
-150
-164
-150
-114
-260
178
-180
-157
125
-27
-364
-239
-50
-147
192
-195
-247
-258
104
123
-428
159
220
-432
-176
365
257
6
128
540
128
-312
349
-222
254
168
227
394
-375
-17
498
249
45
-261
27
-233
-375
147
16
-198
101
-128
455
-7
403
-208
157
471
69
290
-445
181
7
195
222
-577
-113
-171
38
-496
-279
256
45
-278
-64
281
-470
-54
-58
47
128
489
141
-150
322
-219
111
402
275
207
-571
-25
-150
339
215
66
203
-166
162
24
-430
88
181
305
135
257
-443
-95
-36
-84
-22
-147
188
-253
32
18
36
-242
358
-57
-368
205
0
-24
-24
101
-13
-198
-363
77
-388
286
-244
-217
-251
-348
-197
-72
-595
-625
-183
226
-332
-19
366
-338
-112
-190
228
118
158
639
417
-25
-51
-370
-438
-12
-332
160
-202
-149
-397
540
194
-181
38
338
-237
488
-264
-45
-422
-649
258
21
-443
-419
293
-38
366
162
-17
8
-142
25
-15
214
-41
210
235
46
-336
-41
-487
-308
186
126
0
-77
-189
-131
247
122
-351
50
35
422
-449
-200
249
-284
610
-301
7
143
225
183
-118
233
-193
-136
116
386
-58
-227
309
-323
470
-251
164
237
200
58
12
-423
-199
185
169
-265
88
64
448
-107
-133
-236
-255
95
-180
275
-160
392
106
66
-294
84
11
161
-130
-372
70
35
62
257
-240
-609
121
103
-122
43
-268
-539
-433
10
353
-99
208
-152
-14
203
34
-138
-221
-23
302
-402
219
72
-248
-4
-52
-242
-138
-321
-530
38
267
418
-284
549
390
364
-201
-143
-496
48
-100
41
-213
172
87
-292
-11
72
514
24
-240
-80
-7
-34
-471
-84
-177
-66
542
-213
368
297
174
0
167
-115
-139
-191
70
-53
-61
363
-180
188
-133
-407
-365
-125
161
164
-61
158
19
-66
218
304
260
-78
145
-545
49
92
38
-56
334
-23
-35
-61
264
-74
-213
-27
437
-76
157
-71
-70
-143
-311
-28
183
403
113
-209
190
116
357
534
310
-100
-40
296
-129
-35
162
274
57
-740
86
-79
-249
6
286
-289
407
250
239
-208
-64
-98
0
-15
-81
-45
-54
68
-422
124
434
274
-242
267
586
-62
184
588
263
396
-280
60
100
144
202
39
-335
272
96
-301
194
141
137
-73
418
146
-202
-394
-196
-606
-66
33
-309
-139
397
27
393
-47
-45
-563
186
281
-87
-79
208
-188
-200
81
-155
156
-235
386
168
16
-223
-270
-229
-366
343
87
274
445
334
115
-105
191
54
-66
-131
276
378
-70
-111
178
-162
154
444
-106
6
509
-95
36
-241
-179
-352
748
146
-11
-270
-467
61
-37
128
177
259
-10
159
-104
-217
-86
196
155
-3
82
411
-461
-321
-3
179
-55
231
-769
-596
-145
682
0
-573
-92
158
246
120
-60
173
295
-142
-31
-34
-436
-321
-593
21
-76
-86
-8
132
-172
300
-407
-3
-25
217
-126
273
-59
-26
-38
178
218
-154
-360
-251
42
-4
36
-185
203
-45
-418
39
140
36
33
58
-269
392
-83
375
-141
247
61
25
-240
308
107
-23
309
22
565
260
-84
347
15
513
20
-20
24
102
396
74
-27
-126
201
-141
-299
-241
-119
-31
269
-147
306
-419
674
-406
50
-55
-201
173
270
-44
309
16
-272
-20
-135
117
-102
-18
-277
273
-91
-273
673
-361
129
-553
78
48
-64
-349
-219
-206
-300
-242
367
100
340
-253
-110
-444
-304
-74
-107
455
27
-67
117
6
-277
-160
358
333
65
260
420
-113
47
56
-211
114
-292
26
-68
109
-346
-133
482
