1.764052
0.400157
0.978738
2.240893
1.867558
-0.977278
0.950088
-0.151357
-0.103219
0.410599
0.144044
1.454274
0.761038
0.121675
0.443863
0.333674
1.494079
-0.205158
0.313068
-0.854096
-2.552990
0.653619
0.864436
-0.742165
2.269755
-1.454366
0.045759
-0.187184
1.532779
1.469359
0.154947
0.378163
-0.887786
-1.980796
-0.347912
0.156349
1.230291
1.202380
-0.387327
-0.302303
-1.048553
-1.420018
-1.706270
1.950775
-0.509652
-0.438074
-1.252795
0.777490
-1.613898
-0.212740
-0.895467
0.386902
-0.510805
-1.180632
-0.028182
0.428332
0.066517
0.302472
-0.634322
-0.362741
-0.672460
-0.359553
-0.813146
-1.726283
0.177426
-0.401781
-1.630198
0.462782
-0.907298
0.051945
0.729091
0.128983
1.139401
-1.234826
0.402342
-0.684810
-0.870797
-0.578850
-0.311553
0.056165
-1.165150
0.900826
0.465662
-1.536244
1.488252
1.895889
1.178780
-0.179925
-1.070753
1.054452
-0.403177
1.222445
0.208275
0.976639
0.356366
0.706573
0.010500
1.785870
0.126912
0.401989
1.883151
-1.347759
-1.270485
0.969397
-1.173123
1.943621
-0.413619
-0.747455
1.922942
1.480515
1.867559
0.906045
-0.861226
1.910065
-0.268003
0.802456
0.947252
-0.155010
0.614079
0.922207
0.376426
-1.099401
0.298238
1.326386
-0.694568
-0.149635
-0.435154
1.849264
0.672295
0.407462
-0.769916
0.539249
-0.674333
0.031831
-0.635846
0.676433
0.576591
-0.208299
0.396007
-1.093062
-1.491258
0.439392
0.166673
0.635031
2.383145
0.944479
-0.912822
1.117016
-1.315907
-0.461585
-0.068242
1.713343
-0.744755
-0.826439
-0.098453
-0.663478
1.126636
-1.079932
-1.147469
-0.437820
-0.498032
1.929532
0.949421
0.087551
-1.225436
0.844363
-1.000215
-1.544771
1.188030
0.316943
0.920859
0.318728
0.856831
-0.651026
-1.034243
0.681595
-0.803410
-0.689550
-0.455533
0.017479
-0.353994
-1.374951
-0.643618
-2.223403
0.625231
-1.602058
-1.104383
0.052165
-0.739563
1.543015
-1.292857
0.267051
-0.039283
-1.168093
0.523277
-0.171546
0.771791
0.823504
2.163236
1.336528
-0.369182
-0.239379
1.099660
0.655264
0.640132
-1.616956
-0.024326
-0.738031
0.279925
-0.098150
0.910179
0.317218
0.786328
-0.466419
-0.944446
-0.410050
-0.017020
0.379152
2.259309
-0.042257
-0.955945
-0.345982
-0.463596
0.481481
-1.540797
0.063262
0.156507
0.232181
-0.597316
-0.237922
-1.424061
-0.493320
-0.542861
0.416050
-1.156182
0.781198
1.494485
-2.069985
0.426259
0.676908
-0.637437
-0.397272
-0.132881
-0.297791
-0.309013
-1.676004
1.152332
1.079619
-0.813364
-1.466424
0.521065
-0.575788
0.141953
-0.319328
0.691539
0.694749
-0.725597
-1.383364
-1.582938
0.610379
-1.188859
-0.506816
-0.596314
-0.052567
-1.936280
0.188779
0.523891
0.088422
-0.310886
0.097400
0.399046
-2.772593
1.955912
0.390093
-0.652409
-0.390953
0.493742
-0.116104
-2.030684
2.064493
-0.110541
1.020173
-0.692050
1.536377
0.286344
0.608844
-1.045253
1.211145
0.689818
1.301846
-0.628088
-0.481027
2.303917
-1.060016
-0.135950
1.136891
0.097725
0.582954
-0.399449
0.370056
-1.306527
1.658131
-0.118164
-0.680178
0.666383
-0.460720
-1.334258
-1.346718
0.693773
-0.159573
-0.133702
1.077744
-1.126826
-0.730678
-0.384880
0.094352
-0.042171
-0.286887
-0.061626
-0.107305
-0.719604
-0.812993
0.274516
-0.890915
-1.157355
-0.312292
-0.157667
2.256723
-0.704700
0.943261
0.747188
-1.188945
0.773253
-1.183881
-2.659172
0.606320
-1.755891
0.450934
-0.684011
1.659551
1.068509
-0.453386
-0.687838
-1.214077
-0.440923
-0.280355
-0.364694
0.156704
0.578521
0.349654
-0.764144
-1.437791
1.364532
-0.689449
-0.652294
-0.521189
-1.843070
-0.477974
-0.479656
0.620358
0.698457
0.003771
0.931848
0.339965
-0.015682
0.160928
-0.190653
-0.394850
-0.267734
-1.128011
0.280442
-0.993124
0.841631
-0.249459
0.049495
0.493837
0.643314
-1.570623
-0.206904
0.880179
-1.698106
0.387280
-2.255564
-1.022507
0.038631
-1.656715
-0.985511
-1.471835
1.648135
0.164228
0.567290
-0.222675
-0.353432
-1.616474
-0.291837
-0.761492
0.857924
1.141102
1.466579
0.852552
-0.598654
-1.115897
0.766663
0.356293
-1.768538
0.355482
0.814520
0.058926
-0.185054
-0.807648
-1.446535
0.800298
-0.309114
-0.233467
1.732721
0.684501
0.370825
0.142062
1.519995
1.719589
0.929505
0.582225
-2.094603
0.123722
-0.130107
0.093953
0.943046
-2.739677
-0.569312
0.269904
-0.466846
-1.416906
0.868963
0.276872
-0.971105
0.314817
0.821586
0.005293
0.800565
0.078260
-0.395229
-1.159421
-0.085931
0.194293
0.875833
-0.115107
0.457416
-0.964612
-0.782629
-0.110389
-1.054628
0.820248
0.463130
0.279096
0.338904
2.021044
-0.468864
-2.201441
0.199300
-0.050604
-0.517519
-0.978830
-0.439190
0.181338
-0.502817
2.412454
-0.960504
-0.793117
-2.288620
0.251484
-2.016407
-0.539455
-0.275671
-0.709728
1.738873
0.994394
1.319137
-0.882419
1.128594
0.496001
0.771406
1.029439
-0.908763
-0.424318
0.862596
-2.655619
1.513328
0.553132
-0.045704
0.220508
-1.029935
-0.349943
1.100284
1.298022
2.696224
-0.073925
-0.658553
-0.514234
-1.018042
-0.077855
0.382732
-0.034242
1.096347
-0.234216
-0.347451
-0.581268
-1.632635
-1.567768
-1.179158
1.301428
0.895260
1.374964
-1.332212
-1.968625
-0.660056
0.175819
0.498690
1.047972
0.284280
1.742669
-0.222606
-0.913079
-1.681218
-0.888971
0.242118
-0.888720
0.936742
1.412328
-2.369587
0.864052
-2.239604
0.401499
1.224871
0.064856
-1.279689
-0.585431
-0.261645
-0.182245
-0.202897
-0.109883
0.213480
-1.208574
-0.242020
1.518261
-0.384645
-0.443836
1.078197
-2.559185
1.181379
-0.631904
0.163929
0.096321
0.942468
-0.267595
-0.678026
1.297846
-2.364174
0.020334
-1.347925
-0.761573
2.011257
-0.044595
0.195070
-1.781563
-0.729045
0.196557
0.354758
0.616887
0.008628
0.527004
0.453782
-1.829740
0.037006
0.767902
0.589880
-0.363859
-0.805627
-1.118312
-0.131054
1.133080
-1.951804
-0.659892
-1.139802
0.784958
-0.554310
-0.470638
-0.216950
0.445393
-0.392389
-3.046143
0.543312
0.439043
-0.219541
-1.084037
0.351780
0.379236
-0.470033
-0.216731
-0.930157
-0.178589
-1.550429
0.417319
-0.944368
0.238103
-1.405963
-0.590058
-0.110489
-1.660700
0.115148
-0.379148
-1.742356
-1.303243
0.605120
0.895556
-0.131909
0.404762
0.223844
0.329623
1.285984
-1.506998
0.676461
-0.382009
-0.224259
-0.302250
-0.375147
-1.226196
0.183339
1.670943
-0.056133
-0.001385
-0.687299
-0.117475
0.466166
-0.370242
-0.453804
0.403265
-0.918005
0.252497
0.820322
1.359949
-0.090382
1.367597
1.034410
-0.996213
-1.217939
-0.304964
1.028935
-0.072287
-0.600658
1.552243
0.286904
-2.320594
0.317161
0.520041
0.225609
0.449712
-0.067276
-1.318396
-0.370704
-0.945616
-0.932741
-1.263068
0.452489
0.097896
-0.448165
-0.649338
-0.023423
1.079195
-2.004216
0.376877
-0.545712
-1.884586
-1.945703
-0.912783
0.219510
0.393063
-0.938982
1.017021
1.422983
0.396087
-0.591403
1.124419
0.755396
0.867407
-0.656464
-2.834555
2.116791
-1.610878
-0.035768
2.380745
0.330577
0.949246
-1.502397
-1.777667
-0.532703
1.090750
-0.346249
-0.794636
0.197967
1.081935
-1.444940
-1.210543
-0.788669
1.094638
0.234822
2.132153
0.936446
-0.035095
1.265078
0.211497
-0.704921
0.679975
-0.696327
-0.290397
1.327783
-0.101281
-0.803141
-0.464338
1.021791
-0.552541
-0.386871
-0.510293
0.183925
-0.385490
-1.601836
-0.887181
-0.932789
1.243319
0.812674
0.587259
-0.505358
-0.815792
-0.507518
-1.051880
2.497200
-2.245322
0.564009
-1.284552
-0.104343
-0.988002
-1.177629
-1.140196
1.754986
-0.132988
-0.765702
0.555787
0.010349
0.720034
-1.824257
0.303604
0.772695
-1.661598
0.448195
1.696182
-0.014858
0.821406
0.670570
-0.707506
0.039767
-1.566995
-0.451303
0.265688
0.723100
0.024612
0.719984
-1.102906
-0.101697
0.019279
1.849591
-0.214167
-0.499017
0.021351
-0.919113
0.192754
-0.365055
-1.791328
-0.058587
-0.317543
-1.632423
-0.067134
1.489356
0.521304
0.611927
-1.341497
0.476898
0.148450
0.529045
0.422629
-1.359781
-0.041401
-0.757871
-0.050084
-0.897401
1.312470
-0.858972
-0.898942
0.074586
-1.077099
-0.424663
-0.829965
1.411172
0.785804
-0.057470
-0.391217
0.940918
0.405204
0.498052
-0.026192
-1.688230
-0.112466
-0.532490
0.645055
1.011842
-0.657951
0.468385
1.735879
-0.667713
1.681922
-0.852586
0.022960
-0.011146
0.011499
-0.837678
-0.591183
-0.667720
0.326963
0.330035
2.225944
1.370989
-0.509843
0.324870
0.997118
0.030602
-0.069642
0.051575
0.867277
-0.848321
-0.325669
0.470433
0.311447
0.239583
-0.369801
0.972536
2.133868
0.406415
-0.193177
0.755740
-0.539133
-0.749690
0.032809
-2.582797
-1.153950
-0.347962
-1.353389
-1.032643
-0.436748
-1.642965
-0.406072
-0.535270
0.025405
1.154184
0.172504
0.021062
0.099454
0.227393
-1.016739
-0.114775
0.308751
-1.370760
0.865653
1.081376
-0.631376
-0.241338
-0.878190
0.699380
-1.061222
-0.222477
-0.858920
0.050954
-1.794229
1.326462
-0.964606
0.059895
-0.212523
-0.762115
-0.887780
0.936399
-0.525641
0.271170
-0.801497
-0.647181
0.472247
0.930408
-0.175316
-1.421920
1.997956
-0.856549
-1.541587
2.594425
-0.404032
-1.461733
-0.683440
0.367545
0.190312
-0.851729
1.822724
-0.521580
-1.184687
0.960693
1.329063
-0.817493
-1.401347
1.030438
-2.047324
-1.226622
0.967446
-0.055353
-0.263937
0.352817
-0.152774
-1.298687
1.276075
1.325014
0.205333
0.045134
2.339625
-0.276433
-0.259577
0.364481
1.471322
1.592771
-0.258573
0.308331
-1.378083
-0.311976
-0.840290
-1.006832
1.681577
-0.792287
-0.531606
0.365849
1.297825
0.481115
2.759355
-0.074668
0.258716
0.275601
1.435049
0.507239
-0.116230
-0.947489
0.244443
1.401345
-0.410382
0.528944
0.246148
0.863520
-0.804754
2.346647
-1.279161
-0.365551
0.938093
0.296733
0.829986
-0.496102
-0.074805
0.012232
1.569260
0.690429
0.796672
-0.657926
0.968883
0.225582
1.389145
2.014060
-0.306766
-0.406303
-0.864045
-0.143580
-0.382025
0.359504
-0.144567
-0.361599
1.064585
-0.937880
0.433108
-0.405942
0.724369
1.385262
-0.303098
0.441033
0.178793
-0.799422
0.240788
0.289121
0.412871
-0.198399
0.094192
-1.147611
-0.358114
0.555963
0.892474
-0.422315
0.104714
0.228053
0.201480
0.540774
-1.818078
-0.049324
0.239034
-1.000330
1.673986
0.161559
1.563405
-0.790523
-0.907300
0.224252
-1.678688
0.214966
0.097219
1.015665
0.701041
-0.417477
-1.097497
1.712305
-0.792115
-1.045525
-1.084856
1.117305
-0.518900
-0.753704
0.137690
-0.206945
-0.678095
0.753991
1.065315
0.985318
0.766920
0.402626
-1.775888
1.669251
0.301989
0.608156
1.114962
1.433353
0.418398
0.435546
-0.599224
0.033090
-0.854161
-0.719941
-0.893574
-0.156024
1.049093
3.170975
0.189500
-1.348413
1.264983
-0.300784
-0.660609
0.209849
-1.240625
0.222463
-0.088376
0.098378
0.381416
0.067492
0.016338
0.284315
0.415401
-1.031482
-1.429991
-0.061638
-1.432735
0.087531
0.938747
0.607112
-1.048170
-0.860262
0.328301
-0.401298
-0.316655
0.596906
-0.987287
-0.401235
-0.800082
-1.043129
-0.857078
0.677462
0.051820
-0.879161
-0.231102
-1.638807
-0.733313
2.149575
-0.090244
0.731659
-0.065488
0.348169
0.663258
-1.104617
-0.030936
1.578865
-0.795501
-0.566440
-0.307691
0.269024
0.524918
1.267412
0.499498
-0.062053
1.259167
0.704111
-1.495680
2.526368
1.769921
-0.168214
0.377910
1.324359
-0.172201
0.730352
1.104578
-1.014826
-0.602332
0.921408
0.460814
0.923797
-0.132568
-0.289005
-1.998639
-1.146000
0.047066
0.824557
0.531178
-0.128242
-0.271772
0.217180
0.078211
1.404546
0.146441
-1.481246
-1.272558
1.518759
-1.171160
0.764497
-0.268373
-0.169758
-0.134133
1.221385
-0.192842
-0.033319
-1.530803
0.206691
0.531043
0.239146
1.397896
0.055171
0.298977
1.648504
-1.550014
-0.455825
1.426159
0.936129
0.678380
0.832651
0.327066
1.631597
0.377759
0.239867
0.158959
0.192864
-1.157017
0.770673
-0.130440
1.821915
-0.075650
0.420918
0.246602
-0.625557
0.992137
1.905064
-0.014777
-0.300479
-0.355029
-1.892362
-0.177813
0.250998
1.054758
0.960048
-0.416499
-0.276823
1.123905
-0.173464
-0.510030
1.392518
1.037586
0.018792
-0.593777
-2.011880
0.589704
-0.896370
-1.962732
1.584821
0.647968
-1.139008
-1.214401
0.870962
-0.877971
1.296150
0.616459
0.536597
0.404695
0.191451
0.880511
-0.454080
0.085952
0.751947
0.562990
-1.194987
-0.500410
0.252804
-0.408015
1.774659
-0.393153
-0.162218
0.769430
0.330533
-0.145274
-0.756494
0.301514
1.039096
0.479095
-0.778184
1.736775
-1.446578
-1.582686
0.960557
0.225840
-0.549499
-1.098571
2.320800
0.117091
0.534201
0.317885
0.434808
0.540094
0.732424
-0.375222
-0.291642
-1.741023
-0.780304
0.271113
1.045023
0.599040
-0.340692
-1.263173
-2.777359
1.151734
-0.589229
-0.448465
0.131574
-1.405560
-0.349782
2.023472
0.505387
0.359249
-1.582494
2.243602
-1.422795
1.922325
-2.115056
1.405365
1.618054
-0.824409
0.422580
0.547481
-0.813794
-1.449118
-1.317717
0.541008
-0.085116
-0.564301
0.966768
0.508068
-0.755463
-1.201202
0.523262
-0.537583
0.099205
1.576299
0.502328
-0.862267
0.160661
-0.952645
1.608522
-0.561579
0.207271
0.307733
0.159250
-1.958549
-1.446421
-0.452350
0.319432
-0.137779
-0.957147
-1.348424
-0.401558
-0.468476
0.512836
-0.326318
0.602708
-0.594650
-0.255958
-0.348046
-0.782367
0.625119
-0.813596
-0.521642
-0.073120
-1.297380
-0.324935
-0.711306
-0.388154
-0.059928
-0.799914
-0.220076
1.308669
-0.025799
1.145262
0.346494
0.774161
-0.774459
0.104907
0.133913
-0.612626
-0.822828
-1.490265
1.496140
-0.972403
1.346221
-0.467493
-0.862493
0.622519
-0.631192
0.568459
-0.332812
0.480424
-0.968186
0.831351
0.487973
-0.919651
2.642936
0.540123
2.290467
1.600268
-0.188835
-0.412272
-0.403459
-1.830029
-0.695835
0.246766
1.525958
-0.772772
0.882057
-1.252593
-0.586320
-0.457641
0.371811
0.457310
0.962342
0.770837
0.243168
0.390365
1.588531
-0.510926
0.774728
-1.808144
0.411334
-0.483250
0.002571
1.040086
0.164644
0.885188
1.473765
0.389094
1.171041
-0.326561
-0.008210
-0.522619
1.042978
0.414091
-0.507234
0.154669
1.041568
-0.039268
-0.948933
0.131912
-1.980566
0.768771
-0.421328
-0.469311
0.875696
-1.365163
1.947099
-0.480242
-0.523251
1.021225
0.708695
2.451230
-0.211206
-0.120407
-1.479316
-0.332102
-0.721431
-0.448767
-1.744188
1.660608
-1.416603
-2.802203
-1.188424
-0.603840
-1.149554
1.098304
-0.137839
0.025386
0.610392
0.286013
0.978567
-1.109478
-0.547518
0.665967
-2.534554
-1.375184
0.500992
-0.480249
0.936108
0.809180
-1.198093
0.406657
1.201698
0.147434
-0.977465
0.879390
0.635425
0.542611
0.715939
-2.994613
0.880938
1.808132
0.436638
0.192729
0.696439
0.338225
0.651781
0.001471
-0.766705
-1.004323
-0.998192
-1.373043
-1.067742
1.761266
0.754096
-0.625027
-0.390393
0.112558
-0.655545
0.067517
0.777604
-0.035743
0.336016
0.886492
-0.272132
0.284791
-0.309378
-0.028529
-0.324730
-0.528870
0.173712
0.566545
0.146304
0.498727
-0.737932
-1.203735
0.417044
0.687881
0.049857
1.348036
0.907699
2.680571
-0.200809
-0.998849
-0.740137
-0.565498
0.476031
-2.158069
1.318551
-0.239297
-0.246794
-1.079343
-0.114226
0.013240
-0.121945
0.339059
-0.589632
-0.895816
0.548328
0.098667
0.197181
1.059027
-1.022564
-0.855240
1.257220
-1.482883
-1.309412
0.817862
0.238200
0.105232
-0.091659
0.031268
-0.092112
1.355443
-0.398148
-0.161374
1.794449
0.027510
2.232016
-0.104980
1.367415
-1.655344
0.153644
-1.584474
0.844454
-1.212868
0.283770
-0.282196
-1.158203
-1.619360
-0.511040
1.740629
-0.293485
0.917222
-0.057043
0.876727
-1.826911
-0.403188
0.949406
-0.163255
-0.086455
-0.430462
1.149379
0.297514
0.044022
0.643055
0.588225
0.212587
1.547031
-0.060288
0.278081
-0.642953
0.150115
1.587762
-0.643258
-1.133593
0.996760
-0.148766
0.096004
-0.045113
0.079122
0.850531
-0.839124
-1.011774
0.084968
-1.606440
-1.373054
1.866683
0.757468
-0.010056
1.238007
-1.040599
-0.315603
0.623454
0.890672
0.512917
-2.541239
-0.968082
0.477068
-0.355951
2.540232
0.926558
0.558082
-1.116950
-0.035297
0.241204
1.127784
0.881131
1.032989
-0.923912
1.412152
-1.380431
-0.535915
0.430771
-0.149892
-1.006037
-0.821550
-1.548254
0.531975
1.260569
-0.100394
-0.400349
-1.472323
0.913202
2.211304
-1.797456
-1.063433
-0.679593
-0.564318
0.227346
1.614250
1.008597
0.527597
-0.723929
-1.119628
-0.796775
1.548067
-0.061743
-0.446836
-0.183756
0.824618
-1.312850
1.414874
0.156476
-0.216344
0.442846
0.218397
-0.344196
-0.252711
-0.868863
0.656391
-0.531994
-0.956258
0.165864
1.329141
-0.048345
-0.608101
0.403896
1.936712
-1.451906
0.382203
0.205087
1.161534
0.990909
-0.186709
-1.684517
0.806564
-0.835193
-0.946740
1.148351
-0.910850
1.402845
0.335845
0.319118
0.307265
-1.638424
-1.776389
0.215553
0.568007
0.082611
-0.821535
0.018922
-0.082034
-0.957158
1.013972
-1.730276
0.588742
0.384323
1.009712
-1.005312
0.101407
2.171165
0.662074
0.100581
0.539161
0.086177
2.190898
0.983636
-0.085615
0.252331
-0.390798
1.209850
-1.406105
-1.604739
1.458715
2.153120
0.468305
0.112738
0.657268
-0.647054
0.171244
0.038909
0.626564
-1.557999
-0.507035
0.844996
-0.675594
-0.993361
2.042072
0.038118
-0.578918
-1.692370
0.729346
0.699136
-0.298760
-1.102230
-0.024549
-0.835856
-0.942094
-0.103213
-1.051390
0.246649
0.607993
-0.839632
-1.368245
1.561280
-0.940270
-0.659943
0.213017
0.599369
-0.256317
0.460794
-0.400986
-0.971171
1.426317
2.488442
1.695970
0.141807
1.833435
0.355704
-0.477286
0.466380
-0.094393
-0.983118
-0.898322
0.802052
-1.846532
0.604137
-1.629584
-2.121176
-1.838847
1.966764
-0.196234
0.086583
1.419255
0.934180
-1.391505
0.869006
0.184181
-0.341678
0.024291
1.279812
-0.885966
0.400886
-0.009657
-1.797165
-0.802253
0.193214
1.297342
1.001331
0.597213
-0.815276
1.801214
0.215240
-1.006366
-0.182905
0.896248
0.007617
0.886865
1.103694
0.400531
-0.857703
0.135455
0.045166
1.859346
-1.626322
-0.134822
-0.584094
0.335106
-2.437564
1.114925
0.013748
-1.844701
-0.361113
0.608962
-1.591448
0.003222
-1.057474
-0.555985
0.026738
0.183450
-0.470742
0.272796
0.817978
-0.278914
1.431568
1.462214
-0.428702
-0.637841
-1.664173
-0.126569
-0.363438
0.779051
-1.509662
-0.277391
0.968744
-0.730357
-0.762362
-1.446940
2.620574
-0.747473
-1.300347
-0.803850
-0.774295
-0.269390
0.825372
-0.298323
-0.922823
-1.451338
0.021857
0.042539
1.530932
0.092448
-0.099008
-1.050654
-0.305953
-0.438474
-0.370164
-0.959255
0.538330
-0.142445
-0.200353
-1.714046
0.493644
0.487015
-0.839129
0.990121
-1.364758
-0.021870
-0.271207
-1.317175
0.189703
1.702570
0.067634
-0.463022
0.447024
0.105720
0.027762
-0.425542
1.421976
0.456363
-0.528671
-0.108004
-0.740867
-0.608291
-0.640726
-1.134312
0.777277
-0.291041
0.554128
-0.670126
-0.060362
-0.711041
0.719668
-0.248419
-0.730874
-1.641703
0.275667
-0.708385
-0.015779
-0.491730
0.954190
0.544145
0.447212
-0.616121
0.466290
1.714832
-0.832186
0.172339
-1.649217
1.398562
-0.397912
0.782579
-1.723228
1.797539
-0.356872
0.545657
0.150818
-0.255471
1.685792
-1.648046
0.298714
0.910646
-0.029856
-0.118171
-0.142688
-1.227636
0.038127
0.512718
0.068599
-0.272276
-0.489725
-0.279297
1.257744
-2.086635
0.040071
-0.327755
1.455808
0.055492
1.484926
-2.123890
0.459585
0.280058
1.390534
-1.641349
-0.155036
0.066060
-0.495795
1.216578
-0.338682
2.034763
1.054178
0.950834
0.559299
-1.063696
-0.431096
0.572751
0.677557
1.307184
-0.467441
-0.860153
0.859104
-0.809627
0.873312
1.199736
0.456153
-0.357579
0.041082
0.593466
0.010186
2.198296
-0.990671
-1.002669
-0.976895
-0.589580
-2.178932
-0.629650
-0.653285
0.078514
0.417801
-1.240216
0.900054
1.802242
-0.208285
1.574371
0.198989
1.988732
1.117283
-1.563905
0.018627
1.054325
0.030547
-0.036884
1.269765
-0.709854
0.017516
0.323626
-0.333791
-0.020129
0.775023
0.432838
-0.808718
-1.104124
-0.789102
0.001248
-0.159940
-0.831957
-0.598150
-1.520039
0.417854
-0.040019
-1.259787
0.028621
1.342622
-0.739936
1.315138
-0.323457
0.197828
0.097751
1.401523
0.158434
-1.141901
-1.310970
-1.532921
-1.711970
0.046135
-0.958374
-0.080812
-0.703859
-0.770784
-0.480845
0.703586
0.929145
0.371173
-0.989823
0.643631
0.688897
0.274647
-0.603620
0.708860
0.422819
-3.116857
0.644452
-1.913743
0.663562
-0.154072
1.193612
-0.098161
-0.886614
-0.147354
1.059806
0.026247
-0.114335
0.743554
0.210359
-0.005927
1.366060
1.555114
0.613326
-0.285959
1.496911
1.183120
0.718897
-1.216077
0.140672
-0.743672
-0.159012
0.240057
0.100159
-0.475175
1.272954
-1.696131
0.730184
-1.857483
0.382598
-0.886904
0.878304
0.086453
0.247706
-1.018279
-0.654570
0.207217
0.583570
2.929096
0.222858
0.976038
-1.556934
-1.329892
-0.355495
-1.197428
1.486399
-0.410219
1.382182
1.486782
0.042780
0.501800
-0.056099
0.538437
0.483342
-0.123650
0.504970
1.723696
0.713016
0.325800
0.124770
-1.012673
-1.027297
0.323357
-1.369391
-0.766328
1.281511
1.914230
-1.665956
1.626650
-0.211438
-0.015005
-0.113412
1.080544
-1.607677
0.456164
-0.944870
0.570789
1.542796
-0.000417
0.374155
0.409552
-0.799593
1.511639
1.706468
0.701783
0.073285
-0.461894
-0.626490
1.710837
1.414415
-0.063661
-1.579931
-2.832012
-1.083427
-0.130620
1.400689
-0.651656
0.504815
1.303181
0.128536
-0.142448
-1.308764
-1.202475
0.416100
-0.200908
0.122531
-0.047278
0.664144
-0.784687
-0.335581
1.896182
-0.799786
-0.281575
-0.589387
0.444781
1.022392
-0.498212
-0.431414
-0.278982
0.529834
-0.739395
-0.375960
-2.372194
-1.381745
-0.112444
0.897864
0.295076
-1.098768
-1.400256
0.174680
-1.652804
1.065927
0.063896
-1.607320
-0.965954
-0.724311
-0.773193
-1.489933
-0.874663
-0.684402
-0.711286
1.127957
0.104828
-0.993257
-0.334622
-0.879557
-0.300007
0.875509
0.252271
2.285601
0.375927
-0.913595
0.809741
1.079931
1.094167
-1.094241
-0.147637
1.131812
-1.684729
-0.499417
-1.426938
-0.932570
-1.012457
1.250570
-0.234538
-0.863356
-1.035606
0.141667
-0.011136
1.344074
0.500017
-1.431798
-0.628981
1.070073
-0.621083
1.734572
-1.098289
0.572613
-0.861216
-0.509595
1.098582
-0.127067
0.813452
0.473291
0.753866
-0.888188
-0.221574
0.424253
-0.849073
1.629500
-0.777228
-0.300004
-1.006559
-2.143308
1.796919
-0.204339
-0.447915
-0.198715
1.419864
-0.965107
0.679568
-0.423788
-0.596671
0.567058
0.988241
-0.513903
-0.768849
-1.169096
1.103504
-0.575256
-1.849131
1.409952
-1.369860
0.779461
0.183429
0.287915
-0.584375
0.365591
-1.667780
0.588038
1.557010
0.884027
-2.019540
-0.984209
-0.187795
0.486937
-0.106653
-0.493214
0.595300
1.164152
-0.232294
0.728930
-2.579051
-0.937509
-0.321259
-0.488566
0.332798
1.013751
0.506669
-0.622225
-1.522768
0.556964
-1.838177
0.653037
-0.188449
-1.175835
0.287257
-0.002876
-0.036597
-0.084223
0.419524
0.924434
0.496615
1.012133
-0.044140
1.618459
0.571110
-0.543694
-1.093895
0.205797
-1.306522
-0.973376
0.239087
-0.607887
-0.933316
-0.034475
0.072678
-0.205834
-0.377547
0.854643
0.342427
-0.223426
2.464322
0.193832
1.132005
-0.560981
-1.362941
-0.791757
-0.268010
-0.496608
1.336386
-0.120041
0.461469
-0.046481
-0.433554
0.037996
1.714051
-0.767949
0.766990
-1.026007
-0.459626
0.003583
0.326375
1.483129
-0.050083
-0.843616
0.650042
-0.364170
0.238682
-0.116222
-1.943457
0.508299
0.583368
0.926605
1.800463
-1.195104
0.516507
0.409295
-0.419082
0.397106
0.499647
-1.218684
0.246223
-0.917984
-0.651856
-1.774745
-0.473361
-0.203571
0.549857
0.000900
-1.542288
0.862148
-0.118587
0.488371
0.965936
1.422605
1.961227
-0.072239
0.311124
-1.078361
1.061600
-1.184887
-1.805252
0.830386
-0.521697
0.777607
0.408075
-1.630003
-2.719679
-1.096602
0.016491
-1.221776
-0.652761
-1.458941
0.169878
0.090826
-0.481393
1.397065
1.497715
0.565267
-1.799771
-1.104690
0.407130
-0.628558
-0.487091
0.898967
0.510875
1.314154
-0.429209
1.375225
-0.554131
1.499491
0.105835
-0.860510
-1.631220
-0.301472
-0.256233
0.857662
-0.110591
-0.432432
1.077037
-0.224827
-0.576242
0.574609
-0.489828
0.658802
-0.596917
-0.222959
0.152177
-0.374126
-0.013451
0.815472
0.410602
0.480970
-0.635430
0.852830
0.669562
1.004419
-0.726366
-0.172459
0.633534
-0.608815
-0.226122
1.925806
1.951761
1.239941
0.938585
-1.019251
0.512562
-0.359117
-1.058572
-0.509006
0.115665
-0.547356
-0.550799
0.792041
0.144106
0.233458
0.111872
-0.675703
-1.370572
0.310565
-0.507037
-2.010782
-0.392567
-1.092218
0.698650
0.521625
0.496893
-0.665042
0.731552
0.319650
-0.409855
-0.453337
0.892708
-0.473604
0.303656
1.033957
1.909343
1.663873
0.900823
-1.505911
-0.689048
-0.548087
1.653150
-0.699318
0.386166
0.100867
-0.935127
0.381824
0.398296
-1.255775
1.222877
-2.086510
-0.590757
0.971970
-1.193258
0.350266
-1.296360
-0.093024
-2.313773
-0.842572
-1.542921
-0.401764
-0.415231
-0.673664
0.797913
-0.886880
0.634387
1.629276
0.139064
-0.857670
-1.249339
-0.709785
0.704643
0.155591
0.936795
0.770331
0.140811
0.473488
1.855246
1.415656
-0.302746
0.989679
0.585851
1.136388
0.671617
-0.974167
-1.619685
0.572627
1.902618
-0.775664
-0.188090
-1.035748
1.177830
-2.305167
-2.263660
0.375020
-0.082344
-0.479623
-0.301095
0.536988
-0.413804
-1.096925
-0.927363
0.888339
-0.524742
-1.385278
0.102178
0.504995
1.328961
0.217903
-0.659711
0.474008
0.727175
-0.038905
-0.044599
0.260133
-0.069856
0.250114
-1.021913
-1.150438
-0.836111
0.642211
0.258798
1.040239
-0.186691
-1.143641
1.144554
-0.018767
1.283455
0.597946
2.188619
-0.219773
0.900724
0.891364
-0.555126
-0.172482
-1.461738
-1.548796
0.126569
0.793007
0.638024
0.340025
0.863017
-0.589698
-0.272533
0.737522
0.433119
-0.210189
1.320794
-1.292001
-0.518679
-0.283398
0.816535
0.002385
-1.261492
0.514004
1.087546
0.739305
0.619155
-1.874313
-0.899886
0.482081
-0.054888
0.522558
-1.266343
-0.061495
-1.389781
-1.953679
0.295779
0.842589
0.245616
-0.032996
-1.562014
1.006107
-0.044045
1.959562
0.942314
-2.005125
0.755050
-1.396535
-0.759495
-0.250757
-0.094062
0.397565
-1.022855
-1.150692
0.600605
-0.013250
0.174373
-2.193683
-0.177137
-0.890729
-0.920626
0.921935
-1.095671
-1.092897
-0.331011
0.450289
-0.884015
1.234144
1.449848
-0.881447
-0.245082
-0.778675
-1.685382
0.303011
0.733595
2.011864
-0.897410
1.336235
1.342354
0.197853
0.602163
0.873273
1.974100
0.477809
-0.060138
-0.866169
0.305321
1.024165
0.244610
-0.779923
0.089076
-0.129153
0.264739
-1.661848
0.550789
0.595423
0.444853
-0.003763
-1.805936
-0.019323
1.060715
-0.860129
-1.989269
-1.540558
0.314026
0.372876
0.886293
-0.055259
-1.500328
-0.818504
0.818839
0.140496
0.649830
0.434789
-0.204961
-0.174007
1.857102
0.414674
-0.128588
0.455420
0.222906
-2.157356
0.650085
1.820939
-0.780280
1.454036
-0.256870
0.293471
1.070360
-0.720001
1.242494
-1.214217
-0.875155
-0.593520
0.662005
-0.340874
-1.519974
-0.216533
-0.784221
0.731294
-0.343235
0.070774
-0.405472
0.433939
-0.183591
0.325199
-2.593389
0.097251
0.413914
-0.199280
0.669392
0.738607
1.304214
0.104812
-1.913801
-2.285499
-1.601841
-0.037907
-0.157305
0.276240
-0.625246
-0.736491
0.555048
0.655924
-0.256650
-0.038477
0.404314
0.504344
-1.143981
-0.719574
-1.230546
-0.506907
0.812334
0.546272
-1.098098
0.512267
0.085843
-0.493927
-1.406460
-0.174823
0.679944
-2.163098
-0.396123
2.254284
0.672637
0.259832
-0.737185
-0.678330
-0.083288
1.602864
0.465589
-0.872158
1.176787
-0.292594
1.697346
-0.566603
-1.003266
0.174630
0.982327
1.037445
0.159192
-0.988097
-0.505341
-2.018282
-0.913122
-0.178457
0.389002
-0.339454
-0.056979
-0.396185
0.751025
-0.899113
0.837548
1.960881
0.472790
-0.527092
-0.536270
1.209837
-1.126589
-0.953804
-1.164448
-1.278514
-1.044816
0.789905
1.102283
-0.697073
0.207334
0.759157
0.100564
-0.954943
-1.470402
1.010428
0.496179
0.576956
-1.107647
0.234977
0.629000
0.314034
-0.745023
1.012261
-1.527632
0.928742
1.081056
1.572330
-0.342492
-0.999430
0.793880
-0.699215
0.043996
-0.317462
-0.902072
0.320999
-1.392016
0.592206
-0.966931
-1.731731
-0.050107
0.431634
0.576935
0.818354
-2.353640
-1.005144
0.106652
1.519003
0.783744
1.901340
-0.524939
0.274417
-1.099971
-0.404352
-0.735296
-0.633989
-0.393449
0.002718
0.022213
0.543453
0.139988
-0.344046
-0.522579
-0.307132
-0.449037
0.490971
0.865525
1.274045
-0.797703
0.469372
-1.394680
0.373175
1.082672
-0.149590
1.072636
-1.138568
-0.888645
-0.135810
1.022210
-0.417429
-0.453553
-0.991628
0.202881
1.246695
0.700680
0.696651
-0.206974
-0.563309
0.677246
-0.031911
-0.173608
0.898241
-0.197787
-0.837776
0.909188
0.080720
-1.037029
-1.112906
0.095412
2.337410
-0.392821
-0.336274
1.523771
-0.057281
-1.448467
-1.572796
1.226664
0.666355
0.826126
-0.057757
-0.726712
-0.217163
0.136031
-0.838311
0.561450
-1.259596
-0.332759
-0.204008
-0.691020
-2.205505
0.447870
-0.755751
1.325708
-0.341982
-0.541360
0.091522
1.053440
-0.563408
1.014738
1.440304
0.990323
1.626431
1.292646
1.514882
1.604326
0.208070
-0.429224
-2.262244
-1.322733
-0.448283
-0.381735
-0.152794
-1.000760
-1.595778
-0.130223
-0.189418
-0.807554
-0.742152
-0.940157
-0.396524
-0.856303
1.259875
0.240997
-0.972318
-0.280448
-1.180286
1.012168
1.384187
1.252002
-1.144693
-0.091267
-0.401571
0.562013
-1.007910
-0.675892
-0.413217
0.153288
0.694129
-0.328728
0.663965
0.822076
-0.213215
-1.245658
-1.171190
0.591727
-0.476224
-1.712629
0.612952
0.129555
-1.405967
1.179420
0.836636
0.138745
-1.274319
-1.402331
-0.307068
-1.713915
0.405080
-1.410823
0.164913
-0.288131
0.711785
-0.937948
0.273729
-1.394840
0.795550
-0.114962
0.495851
-1.320525
0.499084
0.306203
0.363698
0.312634
-0.193464
1.241299
-0.155898
-0.739169
-0.058726
-0.950518
-0.463996
-0.177247
-0.379554
0.199397
1.945761
0.570950
1.072301
-0.503709
-0.587016
-0.378178
0.852889
-2.148118
-1.033165
0.102336
-0.224092
1.967730
0.447683
-0.662191
-1.577607
-0.340560
-1.303220
0.466751
0.161106
0.320032
2.079177
-0.907466
-0.192404
-1.212516
-0.080599
1.593274
0.568722
-0.114487
0.251630
-1.210856
-0.393734
0.085253
0.099422
-1.530616
0.327623
0.279196
-0.377051
0.004175
-1.483492
-1.479796
0.134687
-0.667723
-0.011556
0.839491
-0.173930
-2.810668
-0.150654
-0.481044
-0.234694
0.899731
-1.578530
0.243957
1.570304
-0.625943
0.472328
0.966306
0.210231
-0.685097
-0.709521
0.743800
0.592149
-0.786468
-1.176473
-1.280807
1.661652
-0.067945
2.360229
0.555546
0.439522
0.306272
0.999150
-0.966063
2.160013
-0.100302
-0.703400
0.302561
1.092339
-1.007555
0.566869
-0.716444
-0.506274
-0.489482
0.763541
-1.109073
0.192616
-0.343418
-0.847210
-1.213524
-1.202888
-1.633796
0.896167
-0.241653
0.158652
1.178189
-1.220117
-0.941546
0.254716
-1.824080
-0.578709
-0.924893
0.329522
-0.425816
2.008149
0.937891
-0.853238
-0.387313
-0.347585
3.306574
-1.510200
0.203540
-2.084432
-0.006937
1.909891
-0.408455
1.104554
-0.066115
-0.422499
-0.251656
-0.586903
-0.626058
-1.330194
1.506801
-0.393076
0.293774
-0.876532
1.116991
-0.273556
-0.091033
-1.828977
0.395976
1.811506
-0.869078
-0.458229
-1.138324
0.129162
0.064024
0.705081
0.551474
-0.812516
0.224948
-0.328301
-1.091033
-0.126856
3.801660
2.315171
0.139827
1.738857
-0.045383
-0.053138
-1.949572
-0.960106
-0.783499
0.107519
0.013985
-0.578942
-0.588813
-0.166153
-1.381412
-0.612639
-0.381290
-1.248949
-0.330238
-0.834807
1.235382
-0.243804
-0.189546
0.428028
0.556968
-1.736242
-0.376784
-0.909032
-0.145170
-0.536333
0.157069
-0.980459
-0.567767
-0.591160
1.082591
0.368004
0.368889
-0.286318
-0.384718
0.561003
0.777434
0.015147
1.141648
1.274155
-1.664698
0.430379
-0.042602
0.388289
1.115977
-0.920538
-1.620274
1.106191
-0.998485
-0.686220
0.204621
-0.686102
-1.592211
0.034190
-0.781485
0.597860
-0.506077
-0.688446
-0.210001
1.052153
0.907904
-1.093226
2.799708
-0.325776
-1.152416
0.888232
-0.361672
2.153720
0.847408
-0.198720
1.575307
0.849115
-1.228895
0.888394
-0.516487
-0.083326
0.131054
-0.879096
-1.333342
0.367784
-1.388233
-2.575203
-0.836106
0.331092
-0.269881
1.267131
0.183753
-0.766310
-0.439584
-1.436541
1.085797
-1.381100
-0.920408
-0.160286
0.002353
-1.502650
-0.905536
0.265041
1.129723
0.349004
-0.025810
-1.562409
-0.617342
0.521494
1.080947
0.889376
0.138072
1.204600
2.881461
-0.593862
-0.763116
1.518483
0.235465
0.112308
0.392374
-0.654487
-1.034795
-0.777148
1.245946
-1.436641
0.498655
-0.557687
-0.353367
0.742951
0.843989
0.342977
-1.873120
1.570965
1.310197
0.091437
0.010258
1.801449
0.947224
-0.029294
-0.292339
-0.193537
1.177232
1.039992
-1.613423
0.464642
0.864121
-1.506463
-0.002965
-1.777044
0.129493
-2.083235
-0.681746
-0.611066
-0.708850
1.451528
0.535511
-0.399569
-0.933078
-0.238776
-1.029113
0.973080
1.996766
1.053200
0.331690
-0.165629
-0.405106
1.745285
-0.575936
1.561099
-1.131539
-0.296232
-1.714057
0.159234
-1.263728
1.665049
0.412272
0.537397
0.282678
-1.092541
0.124118
1.837081
0.008555
-1.017016
-1.852343
-0.713327
-1.762229
0.830517
0.781167
-0.875682
0.613981
-0.576455
-0.045614
0.371956
-0.443960
0.418203
-1.685728
0.117475
-0.034952
-2.046393
-1.809690
-1.859524
0.414307
0.123960
0.273958
-1.326378
1.138974
0.982841
-0.766963
1.176060
-0.250922
-1.776205
-1.632695
0.733723
-0.104049
0.881225
-0.088373
0.267671
2.123526
1.396849
-0.432827
0.374969
0.494445
0.761391
0.071009
-0.493532
-0.003623
-0.480287
1.683367
1.240726
-0.203615
0.428292
-0.165459
1.193241
1.048881
0.568611
0.871264
0.660571
1.174062
0.531131
0.151901
-0.577226
-1.571751
-0.027848
-0.741056
0.060009
1.140488
0.172825
-0.415002
-0.853129
-1.430135
1.332805
-1.776691
-0.934783
-2.313202
-0.316142
-0.342285
-0.404294
-0.063130
-0.821265
-0.913656
1.817826
-0.334063
0.907659
-0.836771
1.612729
1.514182
0.231019
-1.099532
0.087001
0.047305
0.239624
-0.978221
-1.523000
0.162363
-0.010291
0.002075
1.026801
-1.475160
1.010694
-0.743228
-0.395222
-0.825779
0.089620
-1.905818
-0.568086
-0.515757
1.263930
0.150698
0.695518
0.005939
-1.048900
0.907205
-0.845441
-0.526243
0.182100
0.945539
-0.201385
1.510525
-0.571478
0.665589
0.003616
1.546672
0.214406
-1.877313
1.088335
-0.081549
-0.553062
1.222965
-0.331309
0.599987
-0.768383
-0.836130
1.810582
-0.787033
-0.584771
-1.708321
1.629982
0.397998
0.237780
0.975138
-1.329337
-0.541047
-0.091438
-1.548471
1.311427
-0.018429
-0.323289
0.236225
-0.752582
0.045113
3.427539
0.604682
1.668311
-0.355083
-0.751569
0.309704
-1.341705
-2.306958
0.731593
0.641338
0.833851
0.028170
1.978373
-0.087328
-0.553965
-3.006499
-0.047166
0.831878
0.006861
1.124222
2.294881
-0.173350
1.231254
-1.585853
1.031319
0.063490
-0.221390
-0.163399
-0.156303
-0.308803
0.198673
-0.174292
-1.155792
0.417054
-0.607868
1.047987
-0.033827
0.127024
-2.049232
-1.256680
0.939614
-0.733817
-0.532438
-0.277940
1.363743
0.374138
1.310265
-0.267748
0.213176
-1.203243
1.178031
0.108648
0.044129
0.338316
1.446792
-0.214495
1.663039
-0.851523
0.422185
2.009219
-0.489815
0.245256
0.877505
-0.137900
-1.500353
-1.055959
0.580933
0.891515
0.784555
1.146432
0.071985
0.208233
-1.518869
0.317329
0.612681
-0.583211
0.644002
-1.815889
0.751100
0.300284
2.110609
1.413086
1.506980
0.817397
0.646616
-1.181631
-0.335091
1.826728
-1.456164
-0.450282
-1.419234
1.450952
-0.565781
1.544534
-0.413762
-0.504132
1.278529
0.938832
-2.716280
0.451141
0.600167
0.209807
-0.657658
0.028408
-0.398061
0.211323
-0.202394
-0.621928
0.163770
0.802439
0.289006
-0.553642
0.336254
1.069792
1.595404
1.207553
0.537380
-1.009124
-1.365553
-0.202381
-1.409185
-0.784785
-0.170122
-0.484210
-0.327918
-1.328005
0.231467
0.996508
-0.548137
0.725755
2.662727
-0.091811
0.651210
0.196770
0.969624
-1.718650
-1.056957
0.143464
0.886963
0.130524
-1.664573
-0.823613
-0.794706
0.388992
-0.762039
-0.680807
1.084748
1.335316
-0.413275
0.424903
-1.881484
0.198327
1.189978
0.526782
0.101061
-0.388643
-0.646792
-0.179082
-1.551441
1.610459
0.564211
-0.102437
-0.619805
-0.070340
0.797795
1.011448
-0.903691
-0.973529
2.078230
1.136593
0.708520
-0.138646
0.924020
-1.273233
1.531768
-0.035772
0.790862
0.646218
-0.131571
-0.175366
1.221583
1.026497
-1.772231
-1.692406
-0.946221
-0.893545
-1.118526
0.272111
-0.463704
1.206125
1.452878
-0.028683
1.683458
0.024214
-0.434791
0.064786
0.944860
-1.614461
-0.208599
0.297406
0.363085
-0.368436
0.488786
0.292122
-0.591908
2.181599
0.439550
-0.331183
-0.571719
1.029409
0.102060
2.548113
-0.435924
-1.242607
-0.027698
0.175067
-2.118451
-0.309169
-0.368415
-0.368764
-0.630226
-1.343193
0.758038
-0.583841
-1.023701
-0.759934
-0.472323
0.108647
0.668339
-0.953179
-0.479297
-1.345508
-3.392300
0.155794
1.520004
0.522083
-0.507060
0.096479
-1.174820
-0.122292
-0.427709
-0.852714
0.405652
2.599867
1.665450
-0.072073
0.884115
0.862707
-0.647538
0.643904
-1.440992
-0.805298
0.238753
-0.414788
1.756479
0.648040
-0.382038
-0.470580
0.186971
-1.055531
0.595612
-1.375302
0.623010
-0.164595
0.414614
-1.012586
0.244985
2.412348
-0.457217
0.317400
1.505567
0.761704
0.431885
-1.013689
-1.277588
0.053432
-0.463236
-0.019058
0.205657
-0.676428
0.494103
1.858556
-1.009341
-0.469546
-0.049611
1.140460
-1.186382
-1.065148
-2.163661
-0.440362
0.680146
1.065225
0.357154
-0.600957
0.706472
0.204319
-1.920706
-1.228095
1.511865
0.322205
-1.374794
0.819953
1.061435
-0.435034
0.657682
-3.740101
0.973577
1.175155
-1.124703
0.282085
-0.338121
-0.102529
-0.424880
-1.332295
1.890404
-0.310311
0.104755
-1.009401
-1.036867
0.412598
0.526392
0.877924
1.103774
-0.210208
-0.444203
0.746814
-0.637439
0.871758
0.374500
1.155026
0.670392
-1.054446
-0.865634
0.732485
1.907056
-1.322812
0.023212
0.281675
-1.525778
0.478125
-0.093123
-2.096557
1.621728
-0.863208
-1.282503
0.420142
0.557487
0.736411
-0.386003
-0.010914
-0.730807
-1.310197
1.079131
-0.102763
-0.182314
-1.999268
-0.178371
-0.842494
-0.174614
-0.219244
-0.446465
0.938839
0.447054
1.127155
-1.324827
-0.648956
-0.040281
-0.406639
-0.079258
-1.182103
-0.716178
-1.641554
-0.890026
0.694177
-0.214207
1.505753
-0.595534
0.119071
-1.213252
2.600672
-0.178621
0.829630
0.413385
-0.583879
-1.330901
0.156143
-0.556790
-0.155504
0.651302
0.078241
0.377116
0.150047
-1.467249
1.396062
1.175852
-1.136165
0.505301
-0.662024
-0.746916
-0.004842
1.747668
1.057958
0.605221
-1.150606
2.554449
0.873731
-2.348837
0.399474
-0.488695
0.409982
0.400640
-0.918519
1.825886
0.199785
0.941348
1.351424
-0.738158
-0.911768
1.121907
1.392837
-1.377019
2.011243
-0.235503
0.691785
0.564388
-0.971342
-0.864048
-2.083592
-1.151150
-1.482476
0.040191
1.369402
-0.027145
0.338854
0.778004
0.679709
-0.385832
-1.463345
-0.429806
0.062959
-0.871645
0.361961
-0.292712
0.621822
-0.803239
-0.921968
1.774056
0.028756
0.552964
-1.098422
-0.377264
0.682169
1.565616
-0.724485
-0.802917
-0.022669
-1.524395
-0.030133
-0.064728
0.724749
1.414610
0.569844
0.741551
0.052279
-0.359745
-1.995977
-0.886221
0.217267
-1.645594
0.242890
-0.400835
-1.021560
-0.470024
0.728782
0.885501
-1.937021
-0.149484
0.913885
-0.257895
0.108815
-1.495411
-0.480034
1.828775
-0.788068
-1.440632
0.149472
0.788629
1.193810
-0.517723
0.222476
0.544355
0.649211
-0.547203
1.712725
-0.687297
0.707872
-0.021911
-0.587219
-0.642851
-0.586347
-0.446871
-1.018886
0.697410
-0.703515
-0.615021
0.488691
-0.107962
-1.421904
-0.936009
-0.196557
-0.574988
0.750483
-0.764402
-0.967127
-1.010546
0.406657
0.483472
-1.672445
0.622075
0.860973
-1.690998
-0.690431
1.428892
1.006102
0.024793
0.501249
2.112020
0.502797
-1.220809
1.364939
-0.870939
0.993902
0.656271
0.889514
1.540933
-1.465914
-0.069589
1.946050
0.976382
0.177158
-1.023173
0.106720
-0.911881
-1.468367
0.576479
0.065306
-0.773513
0.394948
-0.503890
1.779559
-0.030572
1.577088
-0.812802
0.613349
1.843700
0.271091
1.136448
-1.738332
0.707135
0.030386
0.765002
0.867665
-2.256250
-0.443603
-0.670023
0.152164
-1.940533
-1.090509
1.001921
0.176892
-1.088015
-0.253217
1.098273
-1.839567
-0.211429
-0.229663
0.186979
0.503779
1.910343
0.553781
-0.587481
1.257950
-0.858668
0.436187
1.571463
1.077315
0.811090
-2.231538
-0.101003
-0.587375
1.324868
0.840648
0.261106
0.794442
-0.649616
0.634285
0.095003
-1.683207
0.344046
0.707158
1.193415
0.527389
1.006704
-1.732327
-0.373412
-0.142510
-0.329742
-0.089042
-0.577396
0.736165
-0.991206
0.125175
0.073153
0.143937
-0.947724
1.399230
-0.226124
-1.438854
0.801301
-0.003331
-0.096942
-0.095871
0.395437
-0.053243
-0.773500
-1.419186
0.303452
-1.518207
1.119708
-0.953861
-0.849614
-0.981900
-1.363078
-0.772599
-0.283625
-2.327604
-2.445227
-0.715865
0.883397
-1.300440
-0.076339
1.430557
-1.323409
-0.438356
-0.743152
0.891968
0.463873
0.617661
2.496417
1.629475
-0.099045
-0.201992
-1.448826
-1.714165
-0.049642
-1.299395
0.625355
-0.791719
-0.582943
-1.552681
2.110154
0.758830
-0.709930
0.151147
1.323091
-0.927825
1.906599
-1.032175
-0.177361
-1.650378
-2.538511
1.010091
0.085702
-1.733861
-1.640601
1.145361
-0.150595
1.431443
0.636587
-0.066563
0.032330
-0.555074
0.097786
-0.060985
0.837517
-0.163418
0.823555
0.920632
0.180763
-1.312968
-0.160477
-1.906075
-1.206622
0.730418
0.494893
-0.003209
-0.302433
-0.739401
-0.512812
0.965252
0.476679
-1.371216
0.198853
0.139963
1.648673
-1.757552
-0.783130
0.973626
-1.110932
2.385622
-1.178944
0.029122
0.559548
0.881037
0.715208
-0.462078
0.913207
-0.754652
-0.534977
0.456642
1.509577
-0.228171
-0.890342
1.209772
-1.264800
1.838181
-0.984083
0.640948
0.926691
0.785034
0.227003
0.049530
-1.653181
-0.780820
0.724645
0.663369
-1.037881
0.346979
0.252031
1.750919
-0.418401
-0.519857
-0.923443
-0.999278
0.374948
-0.704341
1.074704
-0.627299
1.533996
0.417725
0.258384
-1.150429
0.329114
0.045522
0.632083
-0.510847
-1.453630
0.275222
0.139787
0.243892
1.005650
-0.939641
-2.381750
0.475027
0.405913
-0.477056
0.170598
-1.047781
-2.106197
-1.692911
0.042361
1.382710
-0.389518
0.813938
-0.594332
-0.055439
0.796561
0.133180
-0.541678
-0.865302
-0.092528
1.182102
-1.570655
0.859331
0.283647
-0.969112
-0.018374
-0.204035
-0.947740
-0.539435
-1.256287
-2.071524
0.151236
1.044489
1.633349
-1.111379
2.147365
1.526307
1.423475
-0.785666
-0.562252
-1.938357
0.191159
-0.393603
0.161791
-0.834518
0.672870
0.343188
-1.144123
-0.045888
0.284685
2.008442
0.095781
-0.940409
-0.316263
-0.031223
-0.133595
-1.841472
-0.331577
-0.693309
-0.260513
2.120962
-0.832291
1.437941
1.160618
0.683498
0.003110
0.654393
-0.449920
-0.546459
-0.747862
0.273902
-0.209771
-0.239585
1.420229
-0.704749
0.735365
-0.521928
-1.592195
-1.425950
-0.491552
0.629611
0.641786
-0.240687
0.618422
0.076263
-0.261490
0.854731
1.187894
1.016027
-0.306873
0.567708
-2.129246
0.195067
0.361002
0.151975
-0.222273
1.304773
-0.093238
-0.139538
-0.240937
1.034105
-0.292460
-0.834349
-0.108759
1.707714
-0.300686
0.615772
-0.278111
-0.276747
-0.560841
-1.216304
-0.109782
0.718456
1.576193
0.441869
-0.816861
0.745505
0.454029
1.398363
2.089610
1.214608
-0.392758
-0.159230
1.157941
-0.507693
-0.140483
0.634340
1.070606
0.222911
-2.892520
0.339366
-0.312049
-0.975921
0.024130
1.120464
-1.129877
1.589923
0.978730
0.934164
-0.814709
-0.251242
-0.382835
0.000341
-0.062205
-0.317349
-0.177927
-0.211620
0.267484
-1.651817
0.486578
1.697272
1.072501
-0.945897
1.044608
2.289628
-0.242556
0.721032
2.299380
1.030296
1.550721
-1.095226
0.235621
0.391969
0.564287
0.789508
0.156175
-1.312394
1.066272
0.378860
-1.178617
0.758996
0.552980
0.537035
-0.286835
1.634406
0.571227
-0.789954
-1.542758
-0.767332
-2.369623
-0.260560
0.128957
-1.207666
-0.545444
1.553283
0.107291
1.535344
-0.184951
-0.176783
-2.199254
0.729289
1.100558
-0.342368
-0.310304
0.813036
-0.736297
-0.782324
0.317098
-0.606251
0.611058
-0.920310
1.509509
0.656464
0.065851
-0.873631
-1.057754
-0.897237
-1.432203
1.340430
0.342075
1.070628
1.739065
1.306606
0.449617
-0.411050
0.749300
0.211138
-0.260651
-0.515198
1.079217
1.477463
-0.275109
-0.437008
0.698170
-0.635176
0.603677
1.736930
-0.417834
0.024513
1.989693
-0.373168
0.141037
-0.941815
-0.702835
-1.378837
2.925250
0.571752
-0.045876
-1.057064
-1.824693
0.241738
-0.145152
0.501993
0.692329
1.012275
-0.042177
0.622010
-0.407536
-0.851446
-0.338183
0.768968
0.606498
-0.012613
0.322428
1.607508
-1.802410
-1.255068
-0.013034
0.700357
-0.215273
0.903088
-3.007437
-2.330467
-0.567803
2.667322
-0.000068
-2.241449
-0.360030
0.617494
0.962222
0.470549
-0.235804
0.678789
1.153618
-0.554733
-0.123601
-0.136098
-1.705542
-1.257096
-2.318625
0.084338
-0.297673
-0.339033
-0.034404
0.519269
-0.672583
1.173611
-1.592229
-0.013649
-0.098345
0.849877
-0.494986
1.068731
-0.233866
-0.101805
-0.149077
0.698096
0.853148
-0.604741
-1.408891
-0.981102
0.165183
-0.016646
0.140933
-0.725172
0.795741
-0.176439
-1.633435
0.155350
0.547426
0.143760
0.130221
0.227172
-1.053729
1.531753
-0.326494
1.466845
-0.554129
0.966675
0.240180
0.100314
-0.938791
1.205819
0.418972
-0.090250
1.207375
0.088580
2.209806
1.016677
-0.330709
1.358382
0.060856
2.005891
0.081658
-0.079209
0.093968
0.399507
1.549311
0.292857
-0.106715
-0.493460
0.785681
-0.554345
-1.168830
-0.942246
-0.464928
-0.124434
1.053172
-0.577244
1.197128
-1.637706
2.634603
-1.586424
0.198087
-0.217580
-0.785315
0.676409
1.057214
-0.172186
1.209385
0.064058
-1.063780
-0.079188
-0.527496
0.460215
-0.399167
-0.074183
-1.085357
1.069356
-0.355628
-1.069477
2.631474
-1.412974
0.507430
-2.163666
0.308523
0.188114
-0.252378
-1.363544
-0.858531
-0.806561
-1.174124
-0.948046
1.435126
0.391209
1.330828
-0.988842
-0.431303
-1.737050
-1.190456
-0.291113
-0.420606
1.777354
0.108047
-0.265100
0.459463
0.026879
-1.085704
-0.626888
1.398957
1.303788
0.257235
1.019485
1.642809
-0.441726
0.184315
0.221091
-0.826814
0.446432
-1.143678
0.102260
-0.268914
0.429547
-1.354861
-0.521099
1.883164
