0
0
0
0
0
0
0
0
0
0
0
0
0
0
0
0
-34
17
-171
11
97
-121
-63
-42
75
289
-171
206
205
65
276
25
27
-44
-69
-53
-476
153
-82
-376
248
-249
220
-189
245
486
-408
-65
244
71
72
234
-201
-328
-182
341
-195
-392
296
-131
-114
-356
135
145
-140
-305
-484
145
664
103
155
37
89
-59
75
-205
-317
28
25
-300
-141
-89
183
40
-42
-407
69
135
562
114
236
239
-464
-31
-43
-117
219
416
-236
-39
108
-199
-541
-55
-282
-496
230
418
135
106
111
-19
114
-33
-192
327
191
680
-209
-369
343
-26
347
515
-351
-219
-430
-38
-184
-496
25
328
-248
318
178
-16
-270
-120
544
-99
145
-70
-281
176
422
272
411
36
0
135
-56
-125
-408
260
12
-410
-465
453
275
98
