0.000000
0.000000
0.000000
0.000000
0.000000
0.000000
0.000000
0.000000
0.000000
0.000000
0.000000
0.000000
0.000000
0.000000
0.000000
0.000000
-0.134846
0.068144
-0.669571
0.045371
0.379771
-0.475564
-0.249496
-0.166460
0.295737
1.130517
-0.669326
0.805981
0.804606
0.254832
1.081652
0.099068
0.107816
-0.173552
-0.270364
-0.210498
-1.860821
0.600274
-0.322256
-1.468866
0.970322
-0.975542
0.859492
-0.741556
0.958888
1.898921
-1.595063
-0.254962
0.956809
0.279689
0.281697
0.915603
-0.788860
-1.283047
-0.713810
1.333552
-0.763906
-1.534958
1.156781
-0.512181
-0.449009
-1.393872
0.530389
0.567966
-0.550456
-1.193732
-1.892100
0.568058
2.596495
0.404323
0.608322
0.146561
0.349577
-0.233016
0.294189
-0.801007
-1.240693
0.111239
0.098162
-1.174422
-0.551431
-0.350073
0.715783
0.158668
-0.167610
-1.592216
0.270411
0.529199
2.198112
0.446333
0.924111
0.933661
-1.812702
-0.124618
-0.169645
-0.459970
0.856534
1.626721
-0.924470
-0.155994
0.424998
-0.779551
-2.116536
-0.215063
-1.104091
-1.938459
0.901897
1.635481
0.528926
0.415964
0.434083
-0.077608
0.449169
-0.131302
-0.750935
1.277652
0.748762
2.657273
-0.818607
-1.445151
1.341763
-0.105190
1.356787
2.014014
-1.372630
-0.857428
-1.681288
-0.150599
-0.721064
-1.940882
0.099905
1.281836
-0.970079
1.245377
0.696871
-0.064552
-1.057840
-0.469222
2.128395
-0.389241
0.569613
-0.274299
-1.098417
0.689721
1.649248
1.065133
1.609045
0.143017
-0.002557
0.527680
-0.222621
-0.491485
-1.593840
1.018373
0.049685
-1.601849
-1.818411
1.771657
1.075603
0.383403
