-1874
-1454
2333
227
-1626
1641
132
-1764
565
-677
913
-624
959
-35
-1442
-1685
-132
1486
849
-307
-128
1783
740
2626
2201
1003
-2726
-256
-533
-1405
1697
-1075
-1453
169
1115
851
520
2840
1491
-2107
-2056
1160
433
-828
2280
1311
747
-1388
1008
1739
403
-111
-316
-1685
845
230
2039
-516
-262
362
652
-733
259
-994
-67
-927
982
1363
189
2277
1722
-1913
-1693
2335
-725
-687
709
939
916
-2646
1577
486
212
1616
-871
661
825
-862
-561
-1383
-2007
-2057
689
-1433
-978
1114
-1224
-1980
-74
630
-207
1919
-720
138
-833
1905
-231
-1287
-1400
869
404
-570
1005
-836
746
-97
-402
1103
2331
-3316
-850
-345
-843
-254
699
707
-1371
-796
311
-533
320
-537
-454
-1531
78
-485
-2851
131
2078
30
-781
44
-2586
833
3204
-163
603
-43
-126
1541
2217
-423
739
719
1124
-44
1202
739
-779
55
1168
1377
-757
-339
-1448
-2330
2501
2344
-1453
-405
536
313
-87
1419
-710
68
2210
-390
-590
-341
431
252
194
1009
-1143
1895
-1607
247
-689
-1697
155
341
-497
1009
-1620
-294
-2607
-1864
1019
676
-402
816
-1397
-173
-638
464
214
551
2212
183
-570
-2232
2030
363
-2001
-663
-1894
-923
-1582
2077
1204
710
652
-111
1189
-2239
-1219
143
-1109
714
1654
1779
-609
705
-40
505
2567
-1178
-365
-255
270
690
-429
186
3070
-1989
7
503
810
-535
-890
-3159
-1499
893
1372
705
222
-3279
-1365
-1610
273
909
-1087
121
784
-1829
-637
289
1878
-985
869
-598
146
3190
-2142
1894
1472
-1927
736
227
2867
285
603
-1118
512
-137
-269
239
-62
-1091
-1778
-705
-550
2038
-1676
-701
-79
-1515
1240
577
-1101
774
-1276
-1963
794
653
-214
857
-1564
-913
122
962
3058
620
-402
1005
792
995
-936
171
461
555
-1438
710
770
-2445
-1237
-389
-1717
-2162
84
88
1220
2728
-1530
-46
2017
-1182
932
-377
-1497
16
530
97
588
1371
-737
1349
1098
199
-418
1667
-219
-1020
481
228
1135
194
-1213
-682
1288
-988
-438
698
1017
313
-726
2226
1182
-77
-494
-316
-15
2044
-266
-733
242
2217
214
2630
2048
234
-1885
234
-289
763
1409
-1392
-682
1073
-1256
-1961
-66
-522
-1017
793
1922
-1225
-3010
467
-504
1762
-1449
-895
1614
2115
-2039
-307
-227
741
-914
1408
1107
1560
-61
1860
-1605
381
-1080
-651
-377
395
-53
12
-17
860
119
870
1989
102
-1858
-649
1058
2585
-253
-1233
1245
-1156
397
1233
888
703
1145
535
575
-1453
-1083
-496
-657
142
-2041
-108
-1137
436
33
-515
-457
-21
408
1615
1512
1071
-513
-213
1297
1384
817
-727
-525
-2080
-1926
-853
2624
-225
2758
1282
1599
-1584
-595
101
1292
3702
-632
-1297
-126
2167
-1831
-1710
1903
195
-1135
-468
-795
-1218
618
-42
-511
2221
698
-382
-903
-150
1110
1069
-710
-754
578
-285
440
-752
-1494
791
-1453
-285
-1004
-2327
-1415
1061
-1089
-491
1425
-225
-543
-378
619
944
832
90
427
1214
1369
264
-689
-2045
186
1589
-160
2188
-1089
-725
-974
1390
-1049
2194
-696
-333
-580
-1429
-1005
-516
1168
-294
2201
1004
-333
1099
252
-226
761
839
-2674
423
1205
1262
1240
-287
-543
-1155
-748
889
286
-1970
-1228
431
435
-679
-223
-960
-1221
1444
-2264
-358
1294
233
410
1151
-863
1267
696
1921
309
-253
-2712
-450
-1862
-381
746
-1322
1069
289
658
866
213
-1476
-576
973
952
-311
160
-2014
-21
705
-1212
-439
-1999
22
-728
1130
1155
1326
-447
302
592
-678
-410
383
1106
106
319
-1136
564
-536
-707
1207
-42
-943
-511
-606
-598
2009
479
-1091
-348
-1506
-560
1419
-666
-423
-166
335
1792
629
-680
-387
-1006
363
-290
933
351
-1017
1009
386
1564
-741
-40
-454
2360
2742
285
-1423
-792
-229
1912
-262
869
-1811
-92
-1054
-142
-1032
1986
1101
2415
-594
-179
-617
-2343
-648
-302
440
-124
-152
-2387
3507
2697
1135
740
-2489
803
298
-1061
191
-495
-729
564
980
1280
-372
-287
-317
1377
255
-300
-1449
3408
-597
184
-1129
7
-2487
559
-1005
-514
612
-2739
1302
-592
1885
1041
-425
2501
406
595
912
-647
-608
-362
1356
2094
496
-563
1034
541
2543
-1190
-1364
142
-883
-2233
-250
-819
983
627
-569
1373
551
1420
-104
-840
-482
-1721
-649
1113
-1264
-255
681
-67
-974
-344
283
333
355
1138
1064
970
468
-943
394
-162
212
-577
-907
-319
1624
645
-2231
855
2182
-900
228
2119
-786
-899
-478
715
-254
-1453
495
475
-714
396
1820
-448
-7
3069
1314
648
1362
1391
-2665
-637
2198
-1349
648
-1285
875
740
-958
-1066
1509
-1137
1026
512
-1630
421
1663
-520
-34
-1567
782
-109
-554
1016
393
220
-62
3272
3058
-674
1095
-466
-776
-1268
4082
975
1275
130
477
1358
735
108
733
147
-292
-94
-1163
-1102
2499
-1137
578
2393
1576
231
-521
-605
497
-306
-636
-661
43
1299
-450
-1352
-901
-66
1662
-367
-2292
-1077
-1307
1168
-2746
-490
-2069
490
485
2816
-2317
-579
-499
-1668
-907
1685
691
-469
398
-596
607
1662
771
-1490
-297
113
-1166
-1729
1515
2098
-1310
655
-1842
-2301
2841
1856
-1659
-2449
-1493
250
2367
1990
-2724
605
-2300
-1236
1397
1041
631
551
-810
-2171
582
341
536
-1754
-963
-397
717
-1998
1088
-1362
443
436
-452
-1803
151
2034
1378
-2848
1252
-386
1604
-58
-1087
1287
-448
51
2687
-688
-660
-776
-1513
-1689
596
-1308
596
-1066
-1421
-429
819
574
-75
-438
-996
1
-2526
172
-199
396
-2229
-2960
547
-2194
2449
-2142
-660
800
-1319
721
629
-1505
917
611
793
537
450
1428
-976
-146
-181
-36
2444
332
-1612
514
-802
237
629
-355
752
622
-160
797
228
-1279
3403
-1083
234
-1446
317
1535
-1230
-1486
1470
1670
1619
-1009
-824
-2549
-834
-81
1579
3621
-1617
77
1166
-2217
-76
-250
1686
-610
1195
-114
1929
1213
414
-430
-597
-303
-1305
-2726
-1641
202
932
761
-707
-1673
-1591
-1249
-2585
-970
479
497
-13
1115
-1691
2911
43
1384
37
-422
1837
-640
-2619
-816
1345
6
-2312
-967
1118
274
996
467
-527
-2258
-372
-443
1076
2452
2256
-31
1707
-2559
-307
-2254
-849
-1156
-1799
852
328
937
-170
-3747
-1737
-236
1046
-1719
922
1308
-1510
265
-77
-646
-3236
-2953
1654
730
-104
-760
451
-2133
12
366
556
2306
1530
-1684
-1149
-1901
-1932
-3
-2462
939
-212
3066
-995
-2517
948
-1715
972
583
1344
-700
315
1985
-996
-255
2169
3904
2505
25
2078
-49
-3717
1645
585
267
-261
-421
-1161
-1154
1224
2307
420
-81
-678
429
-234
2185
-1037
1078
-750
-1690
1649
-503
995
720
-553
-1814
-2061
-2386
-857
1370
1386
-464
572
-466
-996
-428
222
-521
-86
1215
-2315
570
1555
544
-919
-38
452
3048
1673
-918
27
-459
-1115
-2733
654
-2765
-1760
47
-1312
-3192
-1536
-1021
1368
245
585
1211
1349
-1706
-1157
2175
-344
112
1345
-697
1476
-148
398
-205
-1486
-1091
1638
1936
-824
157
2821
1245
883
2175
1374
3553
2972
208
-1132
-436
-2595
-2381
2110
599
887
786
-884
2369
1534
-2061
-599
197
-1112
-1292
616
-829
164
-1197
-1929
1746
3478
-1943
-1600
710
1312
-1991
1578
2552
2072
2786
493
-790
3052
-537
-1752
-651
-1430
158
1043
466
386
-1041
-2401
-1138
806
79
-416
1228
-394
-1662
-369
-2285
-199
1222
-1028
-1532
-1041
-1717
907
-2142
-445
2813
1066
852
147
2607
-149
2465
354
734
-88
-720
-1257
419
1396
413
223
-1237
855
-454
5
3419
1864
1843
-1027
593
-1161
-765
256
15
169
1464
671
-1807
-422
1569
609
206
-1634
1081
652
521
1360
2544
327
-620
541
-721
1637
1998
1412
712
124
-184
547
2667
1667
-2829
-2376
-1142
-905
1231
-869
371
-110
131
253
2328
1487
251
-1382
-61
-447
1238
311
-1798
-1209
1701
2894
-459
-2108
-871
1224
3383
1210
-2349
-3464
-2636
3770
3917
-991
227
-286
-2793
-2880
263
684
-1441
-885
-1194
-1221
433
615
743
-683
-365
194
1086
-1139
-1546
-913
1427
173
-22
-1673
1125
2569
1302
686
1080
-954
773
117
2022
-1807
-511
838
1158
152
1538
1236
117
-3363
-2788
-2194
128
481
34
-1703
2208
1939
182
39
388
-1926
366
1209
153
-1187
283
-509
1363
2453
1634
594
-1187
1412
-1761
-1912
543
878
2245
1008
2133
1879
634
-1894
-122
3004
1729
-2646
1577
-1153
207
-1822
1462
918
-118
564
-2861
-1877
-1243
-2716
-1373
-225
-789
18
-2185
617
3198
1386
-1515
-412
-2049
-652
-1638
194
3004
1938
-467
1136
-35
-2186
565
-2402
-1164
-206
-1696
663
1152
754
-385
2760
240
472
1328
966
655
1447
-374
-237
-1002
1444
-90
2238
-45
-1686
-153
-1778
876
1362
1633
2060
-250
1025
788
666
1613
791
1283
1925
2046
1460
1694
-566
-17
-2592
-1953
114
-228
-563
-37
-243
-201
-786
-258
-953
1030
543
-1091
-270
1521
727
1324
-718
521
549
-712
-1328
1207
-798
-796
1983
-770
-1122
571
1393
-200
299
579
-1360
-604
786
511
-72
241
447
2343
2327
427
-317
226
692
2002
1103
1003
-1083
-508
1741
2393
-2616
1952
-545
-2716
1680
1293
2244
764
-1745
-1341
-1214
1759
684
1389
382
1950
2196
-26
687
-1144
-596
-2516
-875
1004
256
-1340
1966
-1051
-394
22
1734
-461
-675
1766
-570
1125
1002
284
1152
2029
-571
-782
-769
999
-307
425
-1048
1640
-977
1718
1453
1643
2454
-97
-109
2230
803
-717
-1043
1844
540
-699
1241
1852
1608
-1897
-1737
-881
1539
1034
-690
-1680
-80
1533
944
129
-2067
-936
-476
2560
-373
695
1019
-1132
939
-1200
-3954
-269
-467
334
867
-1660
2035
2142
-953
-1026
2516
453
2698
615
114
-753
-343
-1470
-3581
-183
109
2657
-347
-1952
827
1860
-636
200
475
54
2457
-449
206
356
-212
-335
-168
-284
-692
-1201
692
217
-572
-2451
-1027
283
932
-559
1248
-825
1229
-350
1050
-1015
1842
374
717
-510
-441
1358
-844
-1440
-2160
-650
-1033
-2245
196
-459
-2020
89
1513
306
-2239
-444
3455
1980
292
-1196
-1578
-112
1110
1508
-1236
2785
1371
904
-1273
-3170
2149
-613
-976
-1630
-197
2040
814
1900
3527
409
-393
1593
90
-745
-944
491
902
1405
-1537
-40
-177
1098
-2539
-856
-459
960
69
621
-1973
-149
263
-396
1853
-1422
1838
-977
-2846
-938
-1767
-1286
-1026
902
-108
-1339
-767
1097
2186
883
430
2774
1329
-799
-135
-701
-1635
-2504
1773
393
-12
2986
2062
-1157
-1218
-474
496
-1862
1115
1116
-543
900
2647
261
143
-495
587
1953
1162
399
-218
-473
-359
-1720
-3520
-100
-1038
212
-68
12
948
497
-2302
-3594
-1089
2073
-2019
-1077
468
-1423
-1139
873
-1325
-944
138
14
-688
831
-1228
-1788
558
-537
-1427
-757
1147
2269
56
-868
-3078
-1644
-439
35
-147
-2221
-2105
-444
2247
257
666
-1705
-673
1452
146
-1028
-293
-1946
-906
760
-846
1542
1367
-369
-458
212
1742
445
-4295
-887
-642
-986
548
1886
-1298
-943
568
-575
-984
1253
1562
-721
-714
1398
88
697
-1954
35
-614
-808
506
1533
2666
-109
-252
-1016
-2793
1345
-1355
-953
478
810
1396
520
-1196
127
1853
1624
8
-436
-3051
-429
1762
-184
-709
-2527
-1834
1052
-1850
615
-823
-482
602
-482
-2022
1117
-1248
1750
3058
1631
965
2373
-21
189
630
2283
1580
178
-2808
-731
-202
-148
507
350
151
-1541
600
1202
-1295
1483
-319
555
-1639
-317
-1518
1182
1780
2171
4
1483
-238
232
-2149
-1288
-865
-1999
180
245
-1510
848
982
-680
1664
-1585
-2165
-169
2052
1815
994
-760
-964
-176
-1988
-44
1048
-149
-1729
132
23
908
379
736
-226
-741
2103
3739
4
-555
713
2549
-2466
-1735
3579
642
50
2145
1840
-205
-2338
-966
-1754
-1137
-770
-3861
1180
1355
3695
2720
-884
-2076
571
-934
395
1495
120
-393
2979
4369
-1442
-52
1164
1296
-4553
-1572
3643
-792
-2170
-1592
558
-1600
-4911
-2009
-1779
608
345
-3738
2068
894
4510
1119
-47
-2380
1232
-765
-1105
1428
-1418
-981
2760
2830
-513
-707
-330
2019
-2934
-2104
1577
-189
1306
-385
1871
-331
-2628
3025
2100
4004
-298
-1477
3383
2404
2001
665
1176
-139
1619
-446
-1074
66
1488
53
879
739
1710
-1175
2839
3585
1944
-82
3911
-1993
1512
-832
2706
-230
829
-567
-736
523
-1336
-1669
-50
434
-2524
-965
-199
-801
250
-83
1112
1581
276
952
-748
2762
37
-3135
-1305
2107
1514
507
968
1083
-433
982
-745
-937
2211
888
1116
160
-51
-1011
-1210
-785
-4942
-4017
-3138
-3126
-2112
-994
881
1108
-404
1831
-472
201
799
-715
-1578
3466
533
-1352
1643
380
-1884
-643
-2455
2023
366
676
-965
-493
3503
-477
-2339
613
-1504
-1091
1051
-672
56
-1333
1202
-711
-2171
-811
1656
-1521
204
-556
-1565
1081
-1553
504
2097
-2728
-3155
-715
-297
184
-75
626
2699
-219
2465
694
-530
971
-25
-839
1701
-699
3404
1842
2760
39
-2460
-1041
1140
1548
-434
-665
747
-1185
776
-636
1237
-2185
2810
-768
-3427
-506
-2104
1100
554
-1854
389
282
-2765
-3147
-2599
-1500
-1171
-2550
-1350
-1463
104
-241
-1992
2225
-2277
-1598
-1026
-107
2209
-2943
1209
-1357
-1547
-1721
2011
626
1062
-974
-225
2777
2428
-2484
-240
-1159
-432
-3303
-263
-1756
-1565
961
2511
51
554
1024
-980
1692
-1057
1263
1827
2387
4924
-2350
745
1364
-753
565
-1024
1920
-182
-1138
679
1261
-2209
701
116
-2421
-107
611
-379
316
-2268
-394
-967
-5159
-3841
-1682
-1218
1794
-902
-792
580
1384
1236
-2947
1292
-3028
-3276
1142
-355
3910
-2905
-3604
147
907
-670
3124
-155
925
-988
-769
-4703
566
-672
-526
-366
-2559
-923
607
525
-1448
-1164
-1688
282
1537
-214
-4084
1304
480
-1248
261
-4032
1715
-845
-1613
1396
-1773
1184
1608
-2649
-211
1082
1576
-839
2815
2345
831
-1358
-463
-2982
-1911
-1076
-1273
251
848
47
3368
584
-1466
-933
613
-15
-38
-1622
186
1394
-968
-1055
433
1510
-944
-3561
665
1664
-2551
1045
1722
639
-2245
8
2271
-84
1783
681
44
-473
787
-1501
1807
1613
-1618
-3128
804
-302
-3440
-3364
-145
735
-644
-4103
-2439
-143
93
924
-519
1769
2095
3004
-3410
-2842
-1141
176
1175
-794
461
-844
3
226
787
-1562
-558
1020
-1648
-3777
-1069
-769
-1227
961
320
-90
957
-2106
306
1850
653
2749
-2862
31
968
1129
-355
-532
1575
836
1154
-2259
-2656
-4301
714
2139
-888
-4613
789
4598
1109
1843
771
134
-850
2751
-1110
-545
1175
-2815
-347
2349
1344
-238
-3019
1747
2567
2376
-4700
-703
871
203
1606
-2982
-4528
-3438
-4551
-1834
-1540
-1240
727
1132
-560
520
-1342
-681
1958
1995
-225
2137
3320
-2502
706
574
-911
650
-1550
-657
-1168
843
-1185
2807
2657
599
1774
-670
-2454
596
-1547
2831
583
1082
-1200
-888
1009
-2537
1204
-2377
1084
-2170
-754
-2628
411
-1164
245
653
-480
1281
-1167
471
-1096
-836
-3055
85
-3296
92
-979
-291
-1737
-82
-2133
495
-232
-1079
1405
-1464
4026
603
-83
-579
336
-115
-1847
2973
2775
1527
-133
2163
-3076
-1990
-1442
963
-2038
1249
-1854
2787
1737
1799
434
1780
-1977
935
-909
1251
-166
933
1050
-5253
1401
-748
-680
2311
645
-2135
-1539
-1884
-930
-201
1525
1471
276
-2447
-114
-564
-2636
-3065
-3641
-2106
88
-956
-905
-1146
-878
1660
2603
4306
2194
-2060
-1371
-1327
2399
312
57
2085
145
-456
-2473
626
-1525
-532
76
969
1150
-4745
-1233
-3767
752
1094
-354
2171
5455
-1331
-523
-1939
-2507
201
1059
-1816
2543
-1877
-1272
-331
-665
-1175
-1693
-472
-962
224
1415
2329
-681
1590
1196
1527
563
-2626
1455
-572
-1371
-1707
-4126
-1728
1809
-3047
-1213
654
-2186
-173
-2508
-2289
245
-2052
722
3147
2957
-1405
-1409
804
2479
-834
1974
-831
1149
546
2222
-2264
-635
-2135
-1584
-1283
-2017
-334
-1439
4461
4660
2033
-230
479
-3863
-162
-828
1033
745
-78
33
1127
1263
2144
-655
1256
384
1092
-830
-3345
-937
39
5
-1321
1707
-256
-678
-539
1712
802
2009
1196
845
-1049
-623
-1021
-712
-184
-1789
-622
-1873
-1118
1269
1501
-969
-745
423
1281
4149
3271
3496
-1496
212
-429
-759
-549
610
-556
-1439
-138
3234
-1377
2941
56
1500
-1547
1579
-1364
406
-2748
-2465
-389
-1339
-1637
917
-1569
132
2621
2704
-276
294
2378
-3467
-2198
-1010
1282
-844
-1635
-3291
-543
-2215
3164
2725
-2970
1618
-650
235
-2616
1552
-1622
-1802
708
-414
-201
-3455
-1504
3618
574
-859
2121
-47
1616
287
1752
-581
2521
2171
752
-621
-445
-1872
1417
-1019
2362
761
-1801
-1056
-211
-2152
-1049
1201
466
971
332
-351
-1308
-195
752
3308
2280
5052
-571
-1615
-1837
-681
1667
2629
-607
16
-730
1362
1015
-2300
-250
-133
3659
1659
2126
1247
1689
-834
-2033
1700
-885
-410
-393
70
-1330
2552
-950
655
1338
3524
-1697
130
2585
-320
1681
3004
-112
1972
6079
2075
-1166
-2302
-549
1071
3266
652
362
-544
-3999
-2715
-1250
-380
932
1740
-463
-559
713
2086
72
2012
527
3040
-632
-970
383
-210
1409
2574
-4112
-3411
-670
1727
-841
-485
-2107
1452
956
1005
1333
-435
446
1344
-425
-2734
-1922
-1290
-5042
2179
1377
274
1159
570
-3658
1250
-1254
464
1841
601
1029
508
-2481
60
2943
4133
-1170
760
-369
748
4238
558
617
-1038
-1680
-45
-3071
706
-882
-708
-3378
2866
2856
-1221
939
-1173
-6391
2064
-519
1703
2172
1133
1396
1458
-867
678
1222
2935
-906
4061
-657
1077
3505
-3446
-383
-1339
-177
110
-1784
-3127
-2480
-3054
-1241
-2237
182
-632
-1427
-657
861
-233
427
150
-2947
3381
-167
-1076
-3346
-2547
-396
746
1816
1089
-682
1684
435
-1946
1123
294
420
-2180
-942
-1919
-1381
1549
1644
-38
-2024
-1597
-322
1943
901
-873
2645
2542
-1819
3300
-1690
-1267
-751
1915
-1502
-336
-706
-545
57
-40
-461
337
-892
-1586
-1472
1752
846
-24
1373
835
1588
2751
720
1381
864
-2754
-2007
-2951
898
1304
-1289
0
1188
1711
-803
-790
768
-1842
-329
153
853
401
-1622
416
-2295
-2401
-3010
21
-2435
-233
-765
-913
-582
2867
1542
1787
-899
-160
-1919
-7191
-2102
1587
-1246
-2357
-1239
-128
517
685
-1329
-1605
-1180
538
-1565
228
614
-2075
-2641
-498
-4182
791
900
25
-301
-682
-805
-418
188
943
-2019
-117
1433
-1704
-4070
-1015
4108
712
975
-887
-2176
1673
299
-701
-83
854
-474
1626
2383
-1212
-195
-743
-3228
-851
-2130
2096
536
-811
1733
-2368
-192
-571
1692
633
4111
1775
20
2478
1739
281
4165
344
1331
-1279
-57
-1218
-3521
3128
-2059
-799
2226
622
-932
944
1651
843
-444
-1492
-1100
-774
1185
1096
27
-646
918
889
1121
-1750
-82
1651
-105
682
-180
-3
34
-1271
-1161
1963
-607
94
1486
1466
-1162
376
-358
2246
1634
4056
1294
1700
548
-3604
1226
-23
1320
1677
587
1531
1933
610
-3046
-1003
836
326
-757
-1016
353
-133
-72
-3312
654
2483
-306
561
-3256
251
879
-912
-1330
-1074
-4221
-128
-369
1253
841
-1795
-811
1994
1066
873
-2201
1464
-320
-1449
238
-1511
1869
1084
-1357
2447
95
995
-2240
-1873
1778
-755
296
226
-268
967
-723
1276
740
1376
-1713
-3160
-531
357
1421
-934
-545
4529
902
697
2528
2403
4199
540
-1764
-2036
3902
-410
-3
3061
1624
289
-2220
-1208
434
1344
1955
-145
1250
2344
2391
289
-932
-1864
-2820
-2057
35
2960
-200
-1055
233
1834
-1301
-1406
3976
2833
920
1358
-3195
-501
-220
-374
1951
-1168
-1132
-375
-1345
-1198
499
-968
-1022
-298
-185
726
708
1437
3583
-1412
-160
-876
-1043
-3749
-3007
438
282
2445
1153
1590
826
-1253
-2054
71
1957
-2103
-357
1602
2670
-199
-92
166
-1267
2677
117
745
-939
-1674
-1902
-204
1028
2076
311
-1707
501
2032
-740
-1006
1808
-2083
-4304
-911
-1590
-1729
-889
1428
823
457
2801
970
757
-785
-2292
-809
3114
2229
-538
468
1087
-424
1829
-450
-2346
958
1093
-188
618
789
-441
1551
2615
1517
-2927
-1897
-846
-2335
1172
1001
-180
741
-1068
344
1054
1153
1288
4329
-1404
399
556
383
-751
-131
716
430
-1926
-1789
-864
-2295
1485
-2506
-1449
-43
870
-1958
569
3819
-76
2105
2885
-1143
310
-1531
-2055
130
1916
816
-2020
-1793
1966
1581
692
-1154
1058
-515
1531
3777
-565
3311
777
-1743
2586
2321
-1626
-3374
384
1169
-1303
-799
1456
1903
1726
-2261
-1652
2890
-96
-483
-2511
2106
-278
-231
-787
-2939
246
-69
509
-1929
846
3005
378
-281
10
160
1883
836
2284
-41
13
-1747
-1718
450
178
2556
-78
-387
-98
1451
-1596
149
-550
-3309
-731
1541
-1974
46
468
344
1715
1634
2285
2587
3884
1525
-189
905
1047
944
463
-1456
-1334
666
1479
937
1252
-3667
-4006
-1825
-236
-1152
3394
2789
34
2588
-204
-279
-1363
-805
-1621
-860
2560
-867
-1482
1041
1631
-1324
1001
1206
2489
-1983
3342
109
-1186
2089
-1738
1282
943
2053
565
-2060
-2784
285
1473
1279
206
-1518
-1118
2427
1266
1684
248
-1370
-752
1454
-457
-3176
-1096
-359
-2876
3112
4723
-1944
738
-1129
-1850
-376
-1699
-150
1043
883
426
2458
1150
-857
-1350
99
794
-1392
-1156
-2048
-1772
2121
1010
-1027
-1560
-830
-2040
679
-1808
-88
684
-2620
-425
2492
1001
2329
1077
-629
-1393
-1251
-942
-1060
660
-134
2921
1085
649
-3071
1975
1908
-646
138
-2669
2394
1034
-3269
79
1647
-1667
792
-282
-2416
-544
-1123
-2501
-92
-2853
171
3093
2879
41
731
-914
-872
-1479
-828
-589
429
4501
-1185
2167
2701
4196
1140
698
-104
-1232
238
-1240
1183
2662
-960
-1498
268
-1147
-1809
-983
1291
146
-795
-1320
-1834
518
3111
1618
420
171
-4
1990
509
-2290
-1003
163
-674
753
-940
3212
2927
2933
1924
1473
-118
-598
-601
-1813
442
2104
404
-934
-16
-820
1208
-689
418
1355
-1301
-3090
560
1873
-734
142
2114
-3569
-1275
-1428
-1656
-747
474
2158
11
101
939
-1231
-1647
450
-276
618
210
909
-115
-181
1147
91
194
-2499
-748
-1616
-1904
-2100
-1592
907
1292
-491
-2104
26
2219
941
933
1154
-263
876
327
-1055
-460
438
-845
1010
2821
494
715
-963
1754
750
-1324
-631
377
-995
-2190
-2749
-1573
103
-3384
-585
-1610
1169
50
-2633
2870
-2292
-739
1081
-2394
1322
3183
1885
-1301
93
1717
526
906
2792
1968
78
-1144
3072
-1023
-3056
-3122
58
1528
-1901
-379
-298
-1261
-568
1171
2291
1647
-916
1862
-1334
233
451
589
383
-889
-1175
-998
1291
3190
706
313
-1167
787
551
-3054
-2219
-497
-1693
-345
-515
-9
-4285
170
-1600
-2946
445
1470
-2153
-1325
424
2859
696
-2280
-776
-226
-3755
-480
137
3615
1751
-1144
-2624
-261
-1311
-3488
-1001
-1643
128
-1204
-306
-3050
-1456
230
600
119
36
1619
-1293
1013
-517
-3269
-1548
-2194
1021
-710
-1838
-2493
-463
496
82
942
1409
-192
-766
1253
2216
105
666
-1082
-481
854
1881
166
-560
-279
-63
76
2402
1570
-1186
703
-2170
-355
1892
-270
2977
401
748
513
-1047
-134
-1639
-53
-658
-270
1016
888
577
681
-661
-1599
-2246
-535
1853
-1451
-1026
1200
-1719
1932
-62
-3411
-153
430
564
-1639
-1541
1172
105
-1284
-354
-3158
952
-3309
-383
523
1757
1795
2529
842
-2704
-386
-594
1015
873
-1086
374
-1308
-2098
-3500
24
1514
773
-25
678
1635
452
167
2487
-1351
-123
685
-2130
-1504
2463
-525
965
-1339
-730
545
1752
-590
1165
