-468020
-365487
598010
60882
-402506
429950
32896
-447313
159751
-164213
235260
-157533
257609
5156
-365658
-429112
-21036
391659
218297
-73067
-19963
466990
189472
674638
573015
265800
-695819
-64578
-127310
-353149
434425
-272039
-364410
50241
285802
220948
143052
733989
382384
-535682
-515329
307227
112910
-207393
593490
342953
191291
-352686
273453
455172
103860
-23951
-70530
-421238
215453
61022
532185
-122956
-65791
93863
176950
-177065
67829
-252747
-16581
-236955
251957
350824
50029
580975
438159
-489065
-434798
597628
-185115
-172042
180600
240458
235064
-675694
404112
126703
54806
408930
-223310
169856
209861
-219839
-142999
-352041
-513838
-526813
176918
-367215
-250531
288065
-311978
-502374
-18450
161387
-49503
490275
-187483
38353
-214313
488380
-59895
-329559
-356649
225218
105141
-146057
260296
-212716
194168
-25962
-99414
284995
595599
-849094
-218509
-90277
-214764
-66337
176878
182652
-352873
-204166
94025
-125123
82529
-134674
-101477
-379815
18933
-124164
-717259
42845
529601
6811
-186522
18197
-664009
214552
831814
-30198
157605
-7266
-20614
404299
566007
-107143
198122
192254
289631
-7102
322130
204109
-198375
13146
307866
361353
-192876
-86725
-359991
-586338
639497
602238
-361430
-94260
134763
80620
-11246
369262
-181423
17283
575046
-90992
-148472
-86959
121480
74856
48793
260274
-283868
491326
-412374
64135
-163553
-423994
40432
89207
-128157
260631
-416284
-78984
-666310
-477858
259842
170702
-103157
210496
-359186
-45533
-167518
119683
56165
139633
563237
48805
-142089
-571673
520918
95448
-513025
-172132
-482312
-237204
-405125
531252
308703
181167
168250
-27415
307729
-570670
-312848
35281
-278063
185422
419752
455245
-152901
181792
-9198
128795
658960
-296570
-93866
-64326
69542
179261
-109625
45802
789158
-508920
6633
130728
211643
-131921
-226745
-807038
-378541
230162
350077
181743
67777
-833041
-348713
-409236
82820
244731
-280591
32654
213775
-456894
-164817
73844
493408
-243264
220576
-149699
50251
825073
-547204
489335
387693
-481714
187587
60113
744715
82029
156847
-281069
145099
-23962
-65226
66003
-5564
-273195
-458057
-178369
-131685
529616
-430904
-178187
-11262
-380882
317914
148638
-271151
208159
-330807
-500571
213624
177221
-53182
224246
-389229
-225318
29246
248855
788739
166418
-99057
262488
214024
263336
-241304
45615
118274
140476
-369019
181883
196485
-624516
-313006
-96479
-441761
-557379
22077
24136
311483
696124
-391354
-12383
515872
-300953
238107
-96200
-383041
1752
137100
25411
152195
352018
-188819
343019
282270
53971
-107133
426727
-55460
-258476
120488
56989
292385
52980
-310532
-176128
330471
-250635
-107835
180541
261263
81366
-185147
573533
306754
-17314
-128687
-83600
233
522770
-68290
-188601
65997
567349
51429
672485
528089
63773
-479323
61131
-63010
204196
361089
-352411
-161058
285383
-320443
-496635
-2223
-122595
-262413
202313
504803
-300540
-771200
118314
-119264
459062
-367627
-224204
426310
550592
-520539
-77548
-44667
199397
-232593
363255
298389
410763
-15491
477052
-399380
106084
-275005
-164896
-84048
108062
-14079
6482
5305
227798
29664
225592
517200
34506
-474876
-166270
283169
671228
-66629
-315582
330979
-289376
98969
317425
239211
187607
292273
139030
160401
-365676
-280522
-125392
-165435
38164
-521668
-28151
-289987
108955
6975
-128987
-115668
-1958
105470
414594
388770
271909
-133575
-54464
332204
358121
210998
-184366
-135961
-533595
-494219
-216951
672419
-52846
707949
328905
407982
-406900
-151281
27587
331384
948564
-160554
-329265
-31496
554658
-468259
-438569
486196
51842
-290314
-120452
-196864
-305635
158239
-9830
-130966
567717
180454
-97353
-228127
-38436
284111
273747
-181365
-189053
146258
-72246
114335
-189012
-380544
202898
-358482
-58525
-255538
-590741
-349494
281638
-281140
-125667
375364
-45628
-138735
-97703
170551
251325
213252
25718
121050
324907
351886
70797
-163455
-512964
47511
411253
-29242
571448
-275633
-182243
-238078
363888
-270103
563882
-169883
-78687
-152619
-364270
-245634
-125130
298124
-71999
574350
266768
-84466
282922
76441
-49655
197491
218046
-677290
116644
308030
325795
327510
-67419
-140158
-295245
-182292
235320
75355
-500572
-305022
118493
113861
-171811
-57208
-246532
-312189
367969
-578711
-92363
332858
63961
104933
292429
-220456
322551
179519
492894
77241
-67520
-693536
-117261
-478107
-99107
193132
-335975
272871
71419
167449
221265
54804
-379056
-150944
249545
243907
-81727
42935
-513559
-2922
177854
-309681
-111078
-512419
8204
-183528
291696
296735
340959
-110821
79472
153520
-174135
-103847
100410
281252
24407
82556
-288324
141395
-133644
-173061
312232
-8800
-241141
-131835
-154966
-153528
514770
134106
-271178
-90017
-387386
-129698
372307
-169230
-103824
-28873
95366
460345
166139
-161472
-90747
-257312
91763
-62362
247767
89268
-263264
272157
108157
399310
-187656
3749
-102430
605391
702454
83874
-352182
-200725
-56583
501208
-59536
220239
-463785
-11670
-260042
-33496
-259160
518515
290124
617915
-147169
-40774
-150418
-599721
-165058
-66064
120047
-34304
-38534
-600512
905250
691920
293697
201165
-628503
207213
77440
-261594
56297
-128251
-185680
142325
250836
327285
-94833
-73336
-78758
354161
67673
-75905
-368993
873669
-151143
46454
-287627
1949
-634787
143860
-258565
-132012
158778
-702544
333133
-149611
480662
268505
-107473
641576
106517
151366
231463
-168331
-154744
-91903
349220
532829
126584
-140024
265126
138464
648032
-304345
-343842
37218
-225008
-568072
-57627
-212809
252747
164300
-144336
353186
143876
363378
-24563
-214295
-123023
-438345
-164288
283775
-323203
-63518
177778
-18794
-248065
-74407
80743
86695
94734
303051
283288
252285
124622
-227578
111139
-40705
55489
-134040
-219155
-78315
421072
178493
-557500
220659
562160
-217402
72726
540663
-197583
-217320
-114119
183943
-63007
-358911
136312
121525
-181052
111926
473588
-115308
-1660
798657
345604
166100
348975
364172
-673772
-162130
564707
-333637
176025
-330114
221582
198571
-237625
-273021
388175
-280482
269981
128948
-415021
119223
432471
-133877
-8310
-390886
208568
-27166
-139746
259195
102404
60285
-14521
837822
781755
-172928
281784
-120095
-200672
-327009
1044440
248413
330556
36133
120131
349275
188308
30323
189058
36011
-80704
-22994
-295015
-283182
640177
-292165
146870
614766
403972
62602
-131150
-150724
127297
-80592
-163128
-168574
7448
333416
-112162
-340174
-232417
-16619
427734
-92225
-579565
-271658
-332897
303757
-701638
-126124
-529835
129932
125175
721716
-592042
-149333
-126614
-429127
-233096
433507
178182
-118656
102449
-138951
167745
426065
200248
-367078
-64099
27906
-298700
-427362
398812
538616
-330038
179508
-462099
-584864
730886
482984
-417025
-628674
-380996
76981
616304
509255
-694461
169932
-577617
-313379
362026
278133
174969
140712
-208083
-544935
159698
90453
140654
-440413
-241325
-104752
183860
-500788
286941
-350538
116974
122022
-107194
-458547
42442
531957
358330
-727317
324745
-87264
419153
-11832
-274254
340913
-107687
10247
690130
-166568
-158899
-196218
-385300
-430507
153326
-333446
155548
-272391
-365306
-108970
208892
148867
-17576
-110765
-255262
496
-645211
46057
-49379
102130
-569996
-757556
139323
-561462
626535
-547697
-168588
207318
-334228
183599
159172
-385014
231609
157499
205295
138400
114638
369515
-249697
-31572
-42602
-6459
626175
89049
-410220
133363
-202892
60598
163615
-89271
193041
161824
-38513
206257
59277
-324615
874603
-275296
57957
-367005
82326
394020
-315137
-374829
378166
427872
415070
-246687
-201686
-647869
-213227
-6245
415546
926719
-409771
33414
307283
-569327
-21000
-47070
445855
-157902
306996
-14095
506593
310087
110699
-92412
-141773
-78548
-332723
-684249
-411229
51748
241576
204314
-175100
-429146
-405159
-307359
-653889
-246382
122164
137794
3524
284284
-429714
755482
17709
353035
11768
-94379
480192
-164042
-667650
-195218
352772
3953
-588592
-236174
294476
69441
256392
131275
-125533
-576874
-92438
-102697
281673
627313
578484
-9747
435303
-649168
-80254
-575105
-216578
-296887
-463242
221210
83215
242921
-40396
-957578
-444493
-61316
269283
-437706
239057
333261
-387838
67531
-18647
-165283
-829054
-758300
423637
183290
-29739
-194568
112773
-545697
1953
94966
146120
591789
389945
-428223
-292138
-490809
-492659
2680
-627337
239566
-56991
783271
-252663
-646488
241762
-437301
252996
148964
347361
-177158
81185
509200
-257935
-65350
556096
995615
637930
6752
533784
-14301
-952220
437072
161232
67758
-63275
-95202
-289037
-296928
314853
603615
117978
-24207
-172055
119085
-49380
552815
-264451
288268
-186882
-432953
426489
-113588
265343
182355
-141343
-451110
-516559
-609181
-213732
363673
367006
-117930
149685
-107717
-248099
-108900
58165
-123653
-14902
311753
-591595
156301
404269
137645
-232169
330
125031
779952
427003
-223837
14183
-117253
-282845
-688555
176400
-705084
-447526
21543
-326906
-817606
-387859
-250938
358295
64988
152105
311030
343111
-438376
-300258
555776
-88311
28720
342519
-178475
380797
-39531
99535
-55196
-379978
-280630
414780
495111
-211870
40433
719602
318917
226475
554624
349413
910376
760083
52800
-287271
-114050
-662249
-608118
540253
156178
227389
200973
-228061
608678
394945
-525195
-151011
51609
-281232
-331512
156847
-211678
40638
-304791
-492297
449842
888890
-497259
-409005
186087
338630
-509261
402942
656752
532369
712256
125514
-198912
786593
-135851
-446225
-156088
-358093
39988
269889
133214
109700
-265010
-613796
-282042
217964
18579
-106254
326862
-92626
-424186
-92321
-574039
-40998
311895
-260554
-379668
-257256
-436691
236251
-532567
-106143
716907
274875
234477
47510
671294
-35131
640458
96135
185949
-19556
-176150
-314102
105943
355652
115510
65799
-317396
221481
-108304
6426
877140
478264
481734
-255453
154370
-295373
-186800
72409
5703
47303
384652
178542
-462156
-105430
415876
163188
54971
-418261
277918
167825
132389
348280
655333
85537
-160596
135006
-182730
415027
507154
363464
181268
31249
-48039
137662
683894
428667
-720512
-606937
-292723
-232091
319130
-219575
92239
-26686
30426
62548
598546
378065
66643
-355424
-15456
-114151
316962
82024
-460409
-305204
434661
738317
-114981
-537989
-219486
313171
873168
315267
-603757
-886695
-671985
968914
1000544
-251615
60871
-73555
-712120
-732960
68438
176153
-368247
-223497
-302515
-308747
111857
157750
202589
-166233
-93953
53180
288750
-280865
-394956
-232229
381973
56923
-7250
-431603
302474
669426
330524
179935
289492
-235879
202592
33043
531909
-448151
-133117
214082
309652
51926
396006
320220
39528
-849923
-713498
-556333
42700
127970
7720
-435113
575799
506476
44200
11267
110953
-484769
94187
309317
49791
-296458
71737
-126447
359973
633410
418533
153234
-293617
369313
-450045
-488900
145461
235219
575957
258331
554696
487824
157554
-481368
-29524
768560
443260
-677208
404109
-296095
51769
-463764
379544
237068
-31987
144829
-731477
-482271
-319840
-695931
-350450
-55702
-198383
3017
-557985
157136
818026
354398
-386146
-102259
-520068
-169617
-419417
47562
767136
499147
-116919
293369
-9686
-559464
149790
-614612
-300434
-51394
-432448
171843
291610
194451
-94514
707579
60097
121789
341934
248871
166901
371152
-94603
-58797
-258266
368293
-21434
576095
-13211
-433090
-35641
-455011
224607
351584
433350
540451
-62592
264133
216115
183674
415092
200170
337666
498781
518119
375784
445025
-137570
-7110
-659804
-486324
40801
-59352
-143847
6041
-53211
-49868
-199106
-55853
-235387
264653
145042
-266088
-61143
391865
191707
348881
-176254
131749
140586
-169992
-330707
308653
-202656
-190439
512817
-197074
-282471
157484
362579
-51574
78831
159449
-340122
-152842
202685
139908
-11094
62025
114255
609863
601604
109987
-78384
69818
184439
513173
283192
255200
-279580
-130751
447297
611382
-672772
501893
-138991
-694046
427385
327458
575865
196306
-451817
-344789
-309131
448998
171853
353473
95377
501759
561960
-6939
171546
-294063
-155189
-646804
-223756
252648
65108
-340403
500948
-267456
-97325
5201
446517
-118243
-173386
452927
-145649
292371
257956
73342
295196
524069
-145898
-197374
-196223
256942
-75518
106760
-265966
421649
-249971
440043
373710
425511
631459
-24116
-28500
573212
209703
-183587
-267031
480633
146802
-181774
316210
485933
419108
-487875
-444721
-210371
405563
267266
-174655
-413358
-9098
390432
242008
45359
-515509
-239575
-118258
664825
-83459
177954
263554
-274273
251672
-309192
-1013322
-54031
-105534
87289
226959
-416748
530917
547352
-244425
-251864
654031
114275
690617
168227
40020
-191790
-87111
-369406
-908084
-48999
31307
686425
-82268
-499142
215256
483057
-149665
51507
122871
25865
638392
-116309
54465
101078
-46198
-84198
-39460
-75787
-179944
-303563
179560
55024
-145299
-624355
-258706
73839
239118
-142029
321311
-210622
315353
-89510
268669
-259934
472195
90458
182108
-129583
-112454
342812
-215716
-368522
-552264
-166954
-263663
-572366
50693
-119500
-520016
27481
387331
78427
-573409
-112355
884378
506138
76310
-306395
-401894
-28500
286567
387442
-313296
713632
351862
233924
-322047
-815638
550628
-155644
-248424
-419530
-50444
522109
211607
486687
902287
105555
-95148
407101
23560
-175097
-229587
126028
234573
373270
-383356
-7586
-40364
294016
-642088
-216983
-108766
258895
28921
159746
-500868
-24490
78543
-102641
477084
-353132
480972
-248421
-723386
-227812
-441735
-329291
-257965
244226
-16859
-342775
-191336
291481
567796
226878
112044
718694
346212
-202810
-31719
-166661
-412597
-637561
459725
108195
6834
763758
532281
-289337
-305637
-121337
130599
-465651
292646
283573
-134498
239286
685641
66414
38734
-115359
159465
499923
301955
101763
-54754
-120476
-93236
-439061
-901260
-26145
-266936
49083
-20872
2373
240651
125753
-588136
-921641
-282657
529515
-515635
-271753
123134
-366712
-295990
223614
-336934
-237201
36956
3452
-177511
213180
-313486
-459984
143614
-137095
-361329
-194658
294882
583866
15257
-224804
-788891
-416737
-112824
10427
-37537
-567378
-535723
-111979
573919
67856
174374
-434650
-174198
373922
36594
-262782
-76173
-495992
-231645
193542
-218480
397248
352524
-96523
-116871
65435
457070
110933
-1098136
-215177
-153196
-251125
140612
495110
-322246
-241487
148135
-135089
-242204
319828
401405
-171772
-175105
353726
21837
193412
-489547
4599
-155574
-190058
141909
393885
685757
-11728
-51875
-264058
-713186
353299
-336645
-242266
123694
218336
363932
132747
-306654
41637
483448
413343
5240
-100088
-771900
-108020
454367
-35231
-171044
-645381
-468080
282679
-463188
158432
-210638
-113757
162494
-125341
-516482
296965
-308984
447252
784937
419320
253196
609117
-4651
45645
155830
584169
403973
47979
-719485
-187144
-50812
-36682
128178
90399
40897
-393791
155120
303349
-334627
379734
-81401
142391
-419188
-79223
-386677
304618
456063
554623
3226
380586
-60805
59720
-545089
-330014
-220730
-510710
47783
62756
-386221
220620
251131
-173792
428760
-403967
-551146
-43053
527398
468396
257076
-193343
-247401
-39552
-504327
-12685
271573
-37146
-440528
33085
8007
235588
101301
189720
-59003
-177532
550968
955954
6139
-132295
188289
657651
-624654
-431205
927995
165840
17367
562561
482839
-49747
-593014
-234690
-436500
-288978
-196563
-976253
310035
344301
945816
709314
-215887
-530283
147184
-223163
114521
380362
35181
-89965
773965
1119769
-363740
-4970
299131
333699
-1162547
-394365
939355
-202297
-549087
-396203
150513
-410942
-1254019
-503340
-447795
154746
89662
-945150
538650
228516
1155112
299322
-1966
-607012
317392
-187261
-271627
363565
-363088
-252403
707714
725669
-130232
-179171
-85643
517022
-752781
-539370
401232
-50533
334623
-98567
478340
-84145
-670531
775095
535367
1024315
-76772
-379922
866798
615573
513120
169524
302414
-35389
417205
-114588
-274526
14838
378142
15475
229762
192306
438450
-293531
727222
921646
502743
-19501
1003067
-506745
388283
-209340
696225
-56285
215707
-142587
-188120
133157
-342425
-428396
-12716
108871
-645487
-246497
-48675
-204793
63383
-19070
289779
405433
71205
256102
-178151
703913
11059
-788785
-325525
540293
389056
145019
258498
277890
-106312
258821
-182426
-239756
569815
242075
293633
41225
-7240
-247975
-300019
-201313
-1264892
-1016826
-795227
-804930
-539242
-242954
233885
284504
-99613
477528
-110846
50072
206486
-169943
-395488
886637
138298
-332585
428908
95508
-482696
-160667
-623194
516664
93213
184942
-235980
-127472
897946
-110453
-589904
157636
-382806
-268192
277070
-170377
20605
-328793
316310
-184364
-556059
-207016
423434
-390472
50632
-143061
-397676
274016
-398716
129014
537391
-693018
-804852
-181593
-75900
47935
-21329
156354
690090
-53311
628097
176678
-134228
248345
-7174
-210915
435265
-178782
874847
469401
705839
11928
-630828
-263035
294431
393060
-111261
-161022
195452
-304448
199484
-159481
317564
-558607
720316
-193645
-878599
-130390
-536031
281711
142034
-477430
98663
72863
-706624
-808080
-671777
-387831
-300668
-653605
-345802
-368844
28387
-62416
-510744
579532
-572085
-407412
-260758
-14288
577582
-751500
313979
-336362
-385241
-442277
514143
168936
277601
-250490
-54632
726927
636684
-635924
-59422
-284767
-102507
-845752
-64230
-438038
-393975
249102
643874
25285
151347
259571
-251215
442954
-262970
322614
471496
620072
1270881
-602072
194652
357989
-185253
144480
-260852
501501
-39762
-290639
179895
331554
-557581
179933
30090
-608993
-22570
155402
-91818
89964
-571894
-99566
-245051
-1311326
-974790
-435353
-313567
458441
-232520
-202625
151205
354585
318206
-753792
332470
-770853
-836418
291389
-90864
999957
-741774
-923909
35571
232470
-174108
799761
-40316
236678
-253964
-196096
-1204296
142721
-171637
-136589
-91941
-654968
-237005
152858
131001
-368561
-297626
-431487
76924
394907
-52242
-1045955
336631
126661
-317049
67847
-1032610
445763
-207566
-415741
355130
-446058
307066
412064
-678881
-52144
279761
402036
-214754
722798
597680
210792
-344282
-116163
-757235
-487696
-276051
-312960
75623
214688
15750
873713
155452
-372360
-236542
170470
4437
-8644
-411988
57712
365513
-248362
-265420
124407
395193
-240187
-910796
181876
437499
-653510
274212
451311
176975
-572942
6891
597134
-11021
455946
177180
20547
-113222
200701
-382169
470398
419734
-415281
-800981
216070
-69642
-881471
-856521
-26372
192254
-167100
-1046674
-615948
-30128
22389
237687
-121446
459576
533291
771572
-864710
-720699
-293007
45683
314534
-195331
117193
-214700
-953
57475
202588
-402008
-142459
259504
-423610
-968982
-275942
-196661
-315871
248338
85538
-23737
244017
-540761
76638
473853
165513
703857
-735929
3973
253102
290870
-91248
-136926
406572
214962
297119
-580470
-678203
-1101539
185004
549115
-224817
-1178649
204087
1176101
284315
473042
196312
33617
-218514
710282
-278000
-137133
300060
-723095
-90211
599801
344679
-59410
-769742
447601
657709
608831
-1199551
-174790
224573
53181
413405
-763541
-1158335
-880377
-1153420
-458921
-392204
-316875
196963
298526
-141410
136531
-331840
-163483
498618
510731
-46231
558983
848395
-639885
191332
157349
-231376
171237
-386702
-161417
-298935
222471
-291424
726200
680680
154124
467556
-160922
-628888
152716
-387531
730337
148675
281515
-298232
-223470
257562
-645684
318388
-602501
277254
-550949
-187328
-665340
101532
-299021
73444
178331
-124655
330105
-291418
127338
-282206
-209342
-774441
23639
-844347
23616
-242082
-63693
-445894
-24963
-545035
125973
-60497
-272152
359864
-375722
1026619
152831
-20112
-146784
84689
-27724
-472184
760716
707306
385074
-34567
552950
-788091
-509340
-371011
246703
-523601
321804
-474579
713382
442027
460410
111639
458561
-509236
239060
-229398
324068
-42777
236243
269736
-1342002
357859
-189820
-172069
593973
164888
-547453
-393789
-478276
-239760
-56945
391703
380182
70926
-623178
-28017
-142069
-674930
-776740
-929262
-536686
22887
-248110
-227716
-289742
-226554
423442
675819
1111282
559659
-524285
-334565
-330030
613129
79991
26230
544441
42426
-111818
-622640
171799
-389977
-134196
32310
257021
296492
-1212462
-304996
-955250
194714
284991
-74046
566909
1398282
-337479
-122990
-486321
-641996
55777
277649
-458892
649236
-479629
-315151
-77166
-170549
-301607
-423184
-111772
-244813
60316
373883
605131
-171564
411069
318816
395323
147637
-667260
380459
-138664
-349290
-437137
-1046691
-430985
461934
-778741
-301978
173035
-562116
-43716
-642901
-587944
63376
-523392
186100
806666
757295
-359402
-362928
205430
631351
-212160
506268
-211471
294400
142629
570839
-578262
-160167
-544234
-401231
-327863
-514969
-86628
-367703
1144407
1192588
521752
-61240
120638
-986539
-39874
-209772
267300
190689
-21345
10674
288736
321235
546086
-167523
324402
100469
283653
-207829
-854619
-238907
14710
4470
-336397
439163
-64111
-167009
-137064
440106
204138
513894
308359
215605
-267062
-154906
-256473
-177811
-39302
-443900
-147379
-476808
-282527
338243
393504
-247362
-189926
119295
338192
1061539
837013
905336
-374949
54973
-108563
-180189
-131546
154207
-138196
-354859
-25904
827288
-348186
763114
24159
381666
-393198
418831
-339896
104328
-702450
-622163
-91083
-342821
-417218
242462
-395776
30995
672050
703379
-61209
76104
608644
-877478
-556275
-258924
328482
-207024
-412012
-841795
-132416
-556886
816633
698382
-755833
422317
-157735
58256
-667916
410529
-405459
-460457
182239
-105022
-52331
-883995
-384037
925284
145003
-219058
543638
-12641
413496
70707
444057
-144554
648980
558466
192357
-158769
-113838
-478103
364270
-256163
604719
193977
-462246
-270570
-56207
-550259
-267328
307576
121834
250336
85066
-87927
-336312
-51859
193677
849181
585570
1292950
-144097
-410515
-469980
-178063
423140
674862
-150352
6520
-184618
349649
261838
-593984
-69105
-33947
936278
423979
540906
321200
430550
-213751
-518053
437229
-225724
-106178
-100440
30260
-333196
657737
-240441
179753
355302
901354
-432503
43363
671654
-83163
434283
783370
-12743
504765
1557029
541726
-291057
-588605
-141185
288377
846333
165079
95603
-126637
-1010350
-691224
-312780
-84176
247712
444861
-116781
-130957
192838
534851
18503
527547
145289
777879
-160681
-238164
105230
-55031
365195
666153
-1043218
-873646
-169476
452214
-208153
-124419
-537681
380916
253869
254982
337953
-99579
122989
343220
-106088
-691381
-485445
-329106
-1288779
557629
353754
70832
296307
145847
-937235
321521
-321385
121784
471536
155643
263455
131020
-635532
14166
755422
1057412
-301713
193693
-92819
190398
1084108
146553
157557
-264980
-432126
-11868
-784641
179625
-226313
-181129
-866262
732060
732135
-312677
238702
-299807
-1634896
527481
-131922
436668
558024
290354
358919
377334
-215692
176635
316483
749858
-230559
1039590
-166434
279558
895157
-882383
-99798
-340790
-43837
30237
-450292
-801714
-636371
-784466
-320483
-556870
63269
-159398
-362553
-154925
230705
-57067
114713
52976
-741413
862494
-39386
-263512
-847293
-650054
-97422
201335
472749
278399
-173741
443825
118915
-499850
288003
87087
120082
-556587
-238984
-478882
-341265
393832
423196
3191
-509162
-403287
-77103
507689
235088
-221590
678285
659842
-457478
842622
-427435
-310108
-184781
491612
-383827
-76236
-172098
-139318
16622
2215
-108475
85996
-225678
-395222
-366717
450182
217159
3490
361310
213236
410576
706358
189102
353229
220250
-705411
-513923
-757756
228653
333582
-329069
-48
304662
439084
-204443
-204512
197013
-470451
-83882
36174
216224
104105
-414396
106869
-589996
-613798
-770530
4452
-623407
-59471
-195388
-231351
-149143
735667
399321
461898
-230207
-37546
-489478
-1841633
-536912
405931
-319760
-603173
-318176
-31231
133662
173258
-338491
-407644
-301671
135980
-399792
64154
158998
-533432
-680054
-128069
-1072108
203747
231700
9134
-72981
-174643
-207870
-94556
58028
247471
-513118
-16735
374905
-437351
-1036494
-246368
1062135
182204
251089
-212965
-545405
430271
77590
-165169
-11554
217464
-117548
426210
616237
-309483
-49366
-174951
-814781
-216989
-541825
550933
144926
-209536
447297
-596275
-38800
-145345
436330
177377
1060647
452941
5585
646343
452140
70140
1066379
93088
349997
-326494
-13724
-301977
-892441
799864
-526644
-192686
580285
159448
-236903
252473
431861
214094
-108510
-367667
-271649
-200800
303930
276860
4033
-167975
231039
227730
287998
-445105
-18864
422108
-26526
172816
-48178
-5600
6216
-324662
-301368
497497
-158385
24762
380135
373244
-298786
95095
-95483
574072
415368
1036321
330736
435300
139367
-921594
316555
-2503
339910
430270
148754
398304
499294
152631
-777872
-256355
214328
81266
-192647
-257238
90581
-35734
-17998
-845258
170645
629910
-79940
144142
-830918
66705
223270
-237576
-340279
-272147
-1077851
-27100
-89642
316187
212113
-448297
-198101
513265
277302
238414
-552051
373030
-80044
-361540
70693
-385654
480483
290842
-338302
625666
25752
267089
-563526
-481395
454448
-181658
84493
56044
-66756
258034
-177277
326066
193411
364302
-427108
-807803
-133093
99687
371245
-239553
-136247
1169625
238897
178222
648507
623029
1082303
139381
-449386
-508054
1006960
-107626
1314
797932
422870
76325
-567090
-296692
119034
345137
503735
-28894
328523
599401
615633
85713
-229571
-476222
-720609
-525637
8418
759965
-47998
-271854
61167
471027
-331643
-360676
1018007
725699
234116
348438
-816586
-126659
-56495
-96056
499035
-299239
-288179
-95458
-343801
-305215
130649
-246621
-261361
-73267
-45694
183447
180050
364329
915118
-358909
-39734
-224118
-264514
-957925
-768423
112373
75345
629734
296515
411461
214103
-317036
-518021
18699
502132
-537972
-89044
408552
680180
-48112
-20601
41775
-322576
689614
31523
188159
-238280
-428921
-485047
-48126
264827
544677
89430
-438907
129343
530926
-181636
-256517
466153
-520566
-1089742
-233424
-402069
-428163
-218484
365746
212204
126868
727975
246243
195426
-190493
-578381
-202213
802255
582967
-124581
120263
281698
-94066
478727
-115606
-594890
257217
287740
-48461
160773
211765
-104550
395443
670172
400010
-742129
-485329
-213153
-586787
307533
254039
-44496
197143
-265059
86582
269992
309207
338737
1108665
-358846
112982
149556
99135
-190985
-24902
191330
105694
-493202
-459216
-221154
-588743
379465
-638423
-371923
-11841
224671
-500169
145053
979132
-17805
534154
736190
-292800
78413
-390365
-525116
34047
490267
206158
-518294
-460618
505093
404449
180155
-295972
273210
-133834
387964
965537
-144663
850020
200576
-444681
661528
596543
-415963
-864530
99662
299165
-333321
-204697
376647
491821
444203
-578267
-422694
741006
-27239
-122325
-640047
542307
-69796
-62729
-203110
-752080
66725
-16924
129274
-494021
215942
768548
98365
-58648
14114
42144
483649
223829
592908
-12611
6899
-435417
-431276
116422
46836
667158
-14625
-96580
-25397
385610
-395959
39616
-139339
-833557
-175749
395151
-500376
25841
128046
85556
438976
430083
594164
662787
996838
399364
-41924
230938
269706
252526
124933
-372014
-337487
181760
386880
237803
324422
-931407
-1016675
-466091
-57258
-284149
879434
711470
9874
671148
-45984
-72742
-347544
-193960
-408895
-220939
656304
-213948
-371661
267788
418005
-338365
256627
308050
637436
-506181
855127
27631
-302152
533992
-447613
326156
239526
525081
141999
-529438
-717003
71052
377913
327449
53094
-388865
-287039
620415
322302
429338
60895
-352113
-193335
372402
-117205
-813884
-282449
-88357
-734305
799807
1208067
-495901
189070
-286493
-473274
-94893
-431106
-39713
266145
225656
111882
628063
291901
-218332
-343238
27936
204461
-352372
-297894
-522958
-450768
546802
262807
-262014
-401216
-210264
-519409
174870
-461837
-8077
184739
-671093
-103926
649361
264603
595085
278994
-152018
-344527
-320581
-235341
-260098
183604
-32178
752892
289227
177550
-782275
510983
504572
-153218
33863
-679586
625787
275571
-835766
24667
432903
-415959
203540
-71368
-608167
-129855
-289687
-640594
-13605
-721687
44603
793899
746739
16278
189780
-231669
-214169
-374604
-210406
-149756
121163
1158836
-303974
556336
698294
1083886
288308
182573
-22116
-307725
62510
-313812
313437
687913
-248033
-382925
69791
-295172
-462012
-251289
331166
35940
-201473
-335291
-468007
133583
796183
413528
108534
48576
1677
513093
131548
-586002
-256610
43060
-171994
194263
-240861
822752
752003
751962
492877
374674
-31987
-153298
-155326
-463897
115622
541164
102154
-239939
-2303
-209326
306043
-178805
109261
347796
-330982
-789555
146464
480610
-188002
38416
541384
-912561
-324473
-361321
-421046
-191893
121625
553137
5640
28223
240160
-313223
-417437
118464
-70056
160001
66764
242919
-29994
-42028
302972
29658
47993
-637756
-178508
-405449
-485198
-536692
-395905
243908
335641
-122217
-526904
14530
571606
245823
257407
304895
-67228
226378
96842
-260344
-115636
117197
-204244
267762
723585
130574
193086
-238069
446960
192797
-329841
-152051
91728
-254718
-550594
-693623
-400849
30537
-860928
-143591
-411090
302613
21298
-671009
737408
-580175
-178563
283419
-611359
341641
823728
491645
-337396
26021
449991
142995
232878
718355
503710
19939
-293366
785655
-263205
-784689
-801993
13440
387871
-490439
-97297
-78101
-324476
-143881
299953
583459
420956
-234342
475525
-340799
58384
112311
148472
96725
-227830
-301584
-257768
330085
815796
179796
82666
-298006
203136
140246
-784609
-567123
-125989
-434173
-88202
-131837
-1105
-1096573
43557
-410029
-750846
120066
380170
-545386
-338013
112506
728895
173560
-579529
-196050
-59246
-962026
-120104
31748
926061
447048
-290514
-668300
-69273
-336561
-882225
-248002
-423337
29788
-294971
-67949
-780343
-372887
72051
161267
32080
15932
425217
-319433
260691
-130283
-827767
-389918
-563313
260526
-171236
-461344
-639622
-118282
139656
30545
243565
367478
-36560
-187892
319444
568973
36620
178223
-277293
-121581
229453
490405
43527
-145331
-60127
-6987
18419
617495
411434
-296092
182540
-551046
-78695
492422
-68959
761489
113243
201262
129978
-267928
-21971
-410354
-13036
-168127
-59539
266599
226470
150483
176003
-166293
-411222
-580458
-139651
474850
-371597
-262315
304661
-442329
492297
-14197
-873274
-39927
110313
145886
-419054
-396058
298179
25136
-330968
-94089
-810076
241027
-844561
-96211
133549
454031
457488
645451
217605
-692162
-102786
-152868
258105
220108
-276155
99310
-333663
-534864
-895232
9259
384963
199012
-5936
175045
419778
117132
44852
639004
-346908
-29718
179712
-544859
-387268
629600
-130342
248327
-342653
-184319
141919
449880
-151100
298365
