-7.171231
-5.601358
9.165188
0.915598
-6.145556
6.587550
0.499376
-6.832434
2.435553
-2.493759
3.596893
-2.411268
3.939529
0.063947
-5.599141
-6.573333
-0.326963
5.993771
3.335540
-1.125276
-0.287575
7.155177
2.906261
10.331129
8.752398
4.083730
-10.650422
-0.991910
-1.950156
-5.416316
6.652737
-4.203941
-5.593374
0.758697
4.354055
3.360404
2.208557
11.239748
5.859480
-8.188637
-7.878020
4.710455
1.736939
-3.192454
9.077981
5.259567
2.931421
-5.400329
4.207042
6.986970
1.590624
-0.359988
-1.072398
-6.455385
3.310998
0.925232
8.134955
-1.880102
-1.014017
1.443841
2.710587
-2.695355
1.027217
-3.859430
-0.267451
-3.626531
3.841748
5.374111
0.766757
8.912657
6.705860
-7.465142
-6.659974
9.152979
-2.837362
-2.618053
2.761399
3.699161
3.573911
-10.331383
6.174707
1.953028
0.838971
6.252390
-3.422655
2.591697
3.225910
-3.376992
-2.188565
-5.397451
-7.869881
-8.073126
2.711370
-5.622166
-3.820337
4.396774
-4.753704
-7.705340
-0.262955
2.463311
-0.749763
7.506772
-2.862497
0.575036
-3.270500
7.433943
-0.896074
-5.045115
-5.467653
3.433731
1.601295
-2.222566
3.991604
-3.243413
2.958667
-0.391329
-1.511739
4.373638
9.120058
-13.017409
-3.346657
-1.374760
-3.284921
-1.033915
2.717148
2.777026
-5.402483
-3.130929
1.446129
-1.914825
1.273765
-2.081168
-1.556347
-5.807436
0.296591
-1.907290
-10.987572
0.629124
8.123060
0.102732
-2.876842
0.262817
-10.155679
3.241159
12.754772
-0.467160
2.419115
-0.113722
-0.312743
6.199124
8.669057
-1.646900
3.040170
2.954961
4.431037
-0.095445
4.947846
3.122141
-3.044917
0.199567
4.713341
5.543895
-2.967557
-1.329179
-5.503934
-8.997661
9.806451
9.227264
-5.528970
-1.449659
2.083536
1.239935
-0.200264
5.674148
-2.793960
0.261428
8.780520
-1.390973
-2.271972
-1.326826
1.875990
1.148072
0.784350
3.990749
-4.353628
7.535250
-6.310948
0.979747
-2.498093
-6.502639
0.619236
1.382553
-1.972281
4.008368
-6.375550
-1.224213
-10.206210
-7.287498
3.993756
2.609143
-1.584333
3.237819
-5.480053
-0.692217
-2.573555
1.851291
0.868117
2.115797
8.615008
0.733788
-2.181443
-8.763374
7.972381
1.460626
-7.838481
-2.638996
-7.384600
-3.629157
-6.212480
8.126192
4.727592
2.741526
2.568556
-0.401711
4.747282
-8.742461
-4.793276
0.539194
-4.261632
2.824103
6.424972
6.983681
-2.361224
2.776021
-0.140808
1.973152
10.088721
-4.534661
-1.430633
-0.983196
1.063178
2.742178
-1.660320
0.710710
12.073148
-7.785434
0.102375
1.991842
3.262806
-2.015952
-3.481371
-12.342807
-5.803170
3.513651
5.382813
2.777409
1.043928
-12.745214
-5.325991
-6.260678
1.270647
3.745028
-4.285928
0.501780
3.279733
-7.017967
-2.487333
1.116169
7.546197
-3.711217
3.367590
-2.281684
0.778967
12.609248
-8.360230
7.476461
5.934938
-7.353409
2.870687
0.938219
11.411165
1.261985
2.419026
-4.324071
2.221843
-0.383330
-0.990591
1.012934
-0.089035
-4.186594
-7.024223
-2.738545
-2.012989
8.094755
-6.600374
-2.723620
-0.135632
-5.833154
4.877729
2.275370
-4.133542
3.187576
-5.064692
-7.654548
3.268325
2.720636
-0.795021
3.441708
-5.945570
-3.459553
0.457670
3.802575
12.054657
2.549011
-1.500808
4.015422
3.260322
4.036323
-3.680913
0.687373
1.791324
2.171634
-5.627004
2.768901
3.016366
-9.574086
-4.800841
-1.479766
-6.751426
-8.537361
0.351863
0.348926
4.745361
10.637512
-6.003044
-0.175804
7.885447
-4.592202
3.635760
-1.470542
-5.856443
0.019577
2.128779
0.406793
2.330139
5.389716
-2.882153
5.242503
4.313279
0.836249
-1.651379
6.518814
-0.851095
-3.967283
1.848044
0.875278
4.466717
0.791542
-4.746781
-2.698201
5.061976
-3.832599
-1.648864
2.770797
4.003618
1.250695
-2.834481
8.782047
4.694415
-0.265017
-1.963863
-1.294063
0.009590
8.015854
-1.063654
-2.883761
1.006482
8.701270
0.775742
10.295885
8.100289
0.988134
-7.307764
0.945525
-0.984589
3.113513
5.520229
-5.395083
-2.472484
4.351487
-4.896419
-7.598831
-0.026485
-1.865383
-4.043086
3.094415
7.725938
-4.584762
-11.803481
1.777851
-1.820596
7.030325
-5.625398
-3.437715
6.533712
8.422202
-7.976110
-1.197202
-0.705834
3.066325
-3.562976
5.553574
4.581178
6.307097
-0.251176
7.311575
-6.106724
1.612959
-4.197582
-2.502714
-1.294018
1.647198
-0.210743
0.098439
0.076129
3.468754
0.443680
3.448524
7.953094
0.535413
-7.270134
-2.534585
4.319353
10.271595
-1.014056
-4.836492
5.073015
-4.427072
1.509024
4.848436
3.662143
2.900456
4.481934
2.131790
2.468875
-5.600574
-4.325298
-1.922138
-2.519473
0.605001
-7.972255
-0.447644
-4.441575
1.683738
0.105660
-1.980319
-1.788755
0.005172
1.609551
6.351446
5.972620
4.158653
-2.037996
-0.843526
5.096957
5.482979
3.267787
-2.817746
-2.082464
-8.159686
-7.574638
-3.313751
10.284911
-0.788839
10.842046
5.050493
6.254981
-6.237246
-2.324514
0.423307
5.060387
14.516954
-2.441385
-5.043137
-0.501446
8.497350
-7.178756
-6.692686
7.432755
0.798059
-4.417171
-1.842696
-3.020832
-4.665534
2.412014
-0.153553
-2.004577
8.685932
2.760196
-1.498044
-3.499329
-0.597332
4.339321
4.187439
-2.761631
-2.882769
2.265266
-1.122810
1.750960
-2.884953
-5.837820
3.113988
-5.479816
-0.871070
-3.913357
-9.048928
-5.368550
4.297795
-4.291919
-1.938791
5.764372
-0.692992
-2.091693
-1.538409
2.628876
3.842785
3.239030
0.398566
1.851742
4.975182
5.376947
1.080482
-2.498000
-7.851029
0.726526
6.286484
-0.428991
8.736719
-4.233294
-2.793021
-3.638157
5.550262
-4.130660
8.636082
-2.607078
-1.200409
-2.341277
-5.609627
-3.761423
-1.914346
4.571357
-1.126412
8.809676
4.096560
-1.283379
4.363211
1.173234
-0.758917
3.019145
3.346829
-10.368551
1.787643
4.706781
4.998532
5.006130
-1.017460
-2.170151
-4.522120
-2.785649
3.608758
1.187758
-7.655633
-4.675430
1.827658
1.746324
-2.626005
-0.870097
-3.780406
-4.788141
5.628016
-8.851747
-1.443097
5.091909
0.987217
1.611746
4.493999
-3.382614
4.938963
2.760742
7.533949
1.165374
-1.037983
-10.619058
-1.789951
-7.312461
-1.533281
2.977623
-5.123749
4.158079
1.098071
2.574730
3.371002
0.850611
-5.819461
-2.305167
3.832609
3.710952
-1.271181
0.644836
-7.849322
-0.056593
2.745438
-4.749661
-1.690964
-7.838744
0.107481
-2.815568
4.485413
4.547974
5.244165
-1.687061
1.210404
2.339909
-2.672015
-1.596313
1.532985
4.328242
0.362008
1.280948
-4.420136
2.170205
-2.041642
-2.647597
4.814383
-0.133495
-3.704736
-2.007034
-2.374966
-2.352513
7.876866
2.072917
-4.161483
-1.384428
-5.936708
-1.996334
5.729093
-2.618910
-1.597228
-0.438838
1.451031
7.046254
2.572120
-2.470546
-1.372581
-3.934607
1.395981
-0.967248
3.793077
1.350679
-4.043591
4.163203
1.669141
6.107494
-2.860903
0.054634
-1.565522
9.251384
10.768418
1.284073
-5.378234
-3.071499
-0.876046
7.659684
-0.913554
3.364614
-7.112670
-0.181438
-3.977258
-0.503428
-3.969955
7.950546
4.429899
9.463116
-2.262270
-0.601531
-2.307398
-9.190608
-2.528586
-1.000863
1.842729
-0.546249
-0.580354
-9.166519
13.870732
10.594288
4.482682
3.084032
-9.596015
3.175427
1.203327
-3.989671
0.863726
-1.965962
-2.812456
2.205449
3.827904
5.010069
-1.447821
-1.110914
-1.202675
5.439193
1.024221
-1.157182
-5.660401
13.355082
-2.299982
0.699681
-4.390579
0.023674
-9.717261
2.202106
-3.953715
-2.017914
2.443869
-10.725724
5.104137
-2.271012
7.335122
4.130001
-1.643740
9.813903
1.617628
2.308184
3.551120
-2.575890
-2.361408
-1.386939
5.347206
8.160052
1.951142
-2.137507
4.060631
2.135416
9.911702
-4.642791
-5.281902
0.567089
-3.455706
-8.679949
-0.899239
-3.251519
3.868610
2.505439
-2.202656
5.406010
2.171658
5.560832
-0.371814
-3.238548
-1.891573
-6.727898
-2.519081
4.354298
-4.947282
-0.955653
2.713885
-0.282300
-3.802809
-1.116799
1.243483
1.325953
1.461928
4.650508
4.348724
3.892108
1.908165
-3.488608
1.701259
-0.632366
0.837125
-2.062845
-3.325013
-1.183266
6.467264
2.750298
-8.530381
3.357444
8.602394
-3.315514
1.116009
8.289873
-3.020900
-3.346055
-1.740012
2.827234
-0.966117
-5.487174
2.095565
1.865532
-2.774963
1.708174
7.249445
-1.781566
-0.020161
12.224146
5.300477
2.534443
5.343780
5.571970
-10.305142
-2.484465
8.638928
-5.114379
2.704447
-5.066362
3.394957
3.041214
-3.625912
-4.178229
5.941968
-4.279616
4.127465
1.970535
-6.353258
1.807264
6.638907
-2.080645
-0.128325
-5.984718
3.195379
-0.415389
-2.123900
3.964765
1.575874
0.923004
-0.213630
12.828943
11.951831
-2.648069
4.317430
-1.845256
-3.085239
-5.006637
15.974823
3.801893
5.072981
0.561640
1.806419
5.346802
2.892597
0.448745
2.893190
0.557009
-1.257756
-0.343208
-4.497881
-4.330390
9.813873
-4.465852
2.243119
9.398933
6.195061
0.972851
-2.011805
-2.294575
1.934271
-1.224103
-2.514472
-2.606241
0.131008
5.107492
-1.723558
-5.207054
-3.549655
-0.255459
6.572300
-1.402779
-8.878146
-4.177181
-5.089059
4.637446
-10.713380
-1.930502
-8.123242
1.963847
1.943841
11.045122
-9.065050
-2.283094
-1.940290
-6.568737
-3.575710
6.635912
2.733918
-1.833623
1.558977
-2.157325
2.545219
6.531615
3.063773
-5.641085
-0.970485
0.428181
-4.590958
-6.545392
6.114365
8.249016
-5.056729
2.743148
-7.089530
-8.973088
11.173655
7.365730
-6.412499
-9.621546
-5.832385
1.170589
9.428900
7.800430
-10.658646
2.588507
-8.812521
-4.789593
5.547187
4.249749
2.684643
2.153625
-3.194250
-8.349134
2.457405
1.392413
2.158636
-6.755905
-3.715292
-1.601542
2.817328
-7.640680
4.400009
-5.360314
1.793148
1.857187
-1.624773
-7.012319
0.660456
8.139061
5.495565
-11.124823
4.979118
-1.337645
6.401510
-0.174747
-4.192418
5.216041
-1.650865
0.164975
10.543200
-2.547348
-2.428103
-3.005451
-5.891660
-6.594590
2.330048
-5.121668
2.403150
-4.171161
-5.606937
-1.676788
3.185809
2.292429
-0.256127
-1.701288
-3.897851
-0.010240
-9.881528
0.714924
-0.740257
1.558379
-8.740172
-11.596884
2.127166
-8.609852
9.591728
-8.406029
-2.581997
3.171609
-5.096389
2.797249
2.446024
-5.894095
3.540405
2.405713
3.141921
2.098106
1.761164
5.636187
-3.794003
-0.505512
-0.652647
-0.100543
9.592532
1.365281
-6.284829
2.046350
-3.124767
0.920571
2.490028
-1.359940
2.941223
2.450308
-0.580177
3.174362
0.910214
-4.972720
13.395611
-4.215692
0.906864
-5.625294
1.236595
6.030993
-4.822256
-5.734041
5.819660
6.528603
6.346633
-3.760304
-3.096168
-9.920472
-3.250835
-0.115682
6.366498
14.193746
-6.258626
0.517003
4.681487
-8.701057
-0.317554
-0.742083
6.830136
-2.416164
4.706839
-0.212310
7.769195
4.762528
1.687894
-1.410996
-2.183084
-1.188196
-5.103314
-10.493707
-6.314915
0.807595
3.699255
3.128681
-2.696216
-6.573915
-6.170004
-4.691336
-10.013340
-3.766522
1.869521
2.099723
0.055093
4.350523
-6.555568
11.561070
0.252169
5.385508
0.189793
-1.454107
7.323195
-2.507132
-10.227922
-3.016529
5.381690
0.054215
-9.019055
-3.611225
4.484924
1.064560
3.918441
2.013727
-1.930056
-8.838583
-1.413169
-1.568627
4.301379
9.591693
8.866246
-0.135170
6.651404
-9.938474
-1.208472
-8.812586
-3.322415
-4.549975
-7.088441
3.373798
1.272385
3.722947
-0.619089
-14.660584
-6.834082
-0.958856
4.136420
-6.706763
3.657829
5.095641
-5.956996
1.045955
-0.288374
-2.526784
-12.694834
-11.635703
6.464494
2.799675
-0.459930
-2.962820
1.721208
-8.363336
0.040096
1.460464
2.252605
9.077653
5.970016
-6.565104
-4.481411
-7.516883
-7.546616
0.027160
-9.617567
3.663103
-0.877410
11.999968
-3.848307
-9.887481
3.700745
-6.696882
3.865816
2.286185
5.314576
-2.706148
1.238546
7.797819
-3.926041
-1.002746
8.498287
15.225674
9.766542
0.089832
8.176178
-0.221118
-14.569749
6.698321
2.498216
1.039266
-0.964305
-1.454884
-4.432024
-4.563725
4.806819
9.245822
1.830245
-0.357538
-2.619093
1.807274
-0.758046
8.479538
-4.039965
4.405250
-2.853210
-6.619315
6.536017
-1.738481
4.058721
2.779386
-2.141652
-6.913043
-7.915880
-9.324464
-3.278432
5.570179
5.609504
-1.825813
2.305389
-1.656354
-3.799472
-1.649742
0.885668
-1.874668
-0.210968
4.752913
-9.049862
2.412499
6.192452
2.102486
-3.534196
0.004126
1.914542
11.955171
6.524885
-3.427488
0.218094
-1.781594
-4.340229
-10.527093
2.696225
-10.806158
-6.833734
0.336073
-5.017474
-12.503964
-5.946772
-3.846057
5.497441
0.991940
2.340183
4.766055
5.250334
-6.703762
-4.592546
8.523835
-1.347646
0.422715
5.246607
-2.729530
5.831798
-0.585360
1.539932
-0.840867
-5.812107
-4.282408
6.350525
7.577886
-3.230323
0.629533
11.028071
4.894686
3.483870
8.477870
5.355905
13.959193
11.643163
0.837204
-4.392413
-1.738418
-10.152451
-9.314401
8.294986
2.378059
3.490465
3.072729
-3.495405
9.343729
6.053751
-8.051805
-2.313592
0.794381
-4.305065
-5.064434
2.373027
-3.246621
0.638413
-4.681960
-7.536590
6.880603
13.615437
-7.610878
-6.287268
2.853524
5.185595
-7.783930
6.155606
10.036521
8.137417
10.900671
1.930999
-3.033965
12.024446
-2.089897
-6.808602
-2.401039
-5.472143
0.610113
4.139034
2.042725
1.677441
-4.047377
-9.411255
-4.319577
3.351856
0.288438
-1.628833
4.995033
-1.427391
-6.483891
-1.416016
-8.790145
-0.620801
4.790176
-3.973579
-5.821924
-3.950044
-6.682152
3.610633
-8.169791
-1.630078
10.967212
4.210247
3.585366
0.714485
10.255190
-0.524510
9.789720
1.497277
2.865823
-0.283542
-2.686985
-4.812582
1.639634
5.441734
1.784431
1.026629
-4.859921
3.406642
-1.646816
0.101911
13.416712
7.320233
7.372235
-3.900096
2.341701
-4.535846
-2.854901
1.126136
0.100650
0.724843
5.884470
2.746648
-7.076707
-1.605307
6.384234
2.491097
0.843912
-6.406236
4.265481
2.547657
2.041159
5.349060
10.024423
1.325746
-2.441086
2.073189
-2.786409
6.367445
7.760716
5.563924
2.762846
0.495258
-0.706949
2.115557
10.474267
6.588017
-11.021687
-9.284862
-4.507241
-3.558370
4.864245
-3.358037
1.399488
-0.398399
0.469240
0.956233
9.173280
5.796641
1.013521
-5.420364
-0.250371
-1.749416
4.834816
1.264172
-7.048613
-4.692100
6.644673
11.297763
-1.749128
-8.237093
-3.390419
4.792032
13.348150
4.832727
-9.247194
-13.591067
-10.293002
14.825666
15.326049
-3.825840
0.926619
-1.117655
-10.883891
-11.244397
1.028709
2.695742
-5.645139
-3.424208
-4.638895
-4.728682
1.711838
2.421129
3.112727
-2.545154
-1.450496
0.824919
4.410627
-4.288792
-6.049906
-3.561454
5.827144
0.877677
-0.119866
-6.609361
4.615658
10.236517
5.086922
2.781635
4.430727
-3.607053
3.088009
0.507875
8.141015
-6.864321
-2.022396
3.299627
4.765643
0.779645
6.089997
4.915230
0.599179
-12.998983
-10.924720
-8.532151
0.645492
1.963076
0.129869
-6.633463
8.817651
7.773836
0.691341
0.172215
1.705083
-7.427339
1.445667
4.729077
0.761087
-4.527680
1.076047
-1.940931
5.517478
9.709043
6.430633
2.361252
-4.478675
5.659483
-6.892286
-7.491730
2.240039
3.585229
8.824434
3.959037
8.480832
7.470249
2.430950
-7.339392
-0.480769
11.754709
6.771126
-10.360161
6.173361
-4.540692
0.791710
-7.076332
5.808436
3.631142
-0.475260
2.212953
-11.209772
-7.384624
-4.893758
-10.644670
-5.370226
-0.836196
-3.053217
0.055639
-8.545787
2.405430
12.526828
5.444202
-5.885713
-1.558139
-7.971802
-2.600437
-6.429666
0.731860
11.735535
7.636538
-1.782907
4.480321
-0.141590
-8.534512
2.283195
-9.434767
-4.594378
-0.802575
-6.612304
2.633574
4.471913
3.003349
-1.418072
10.827403
0.896276
1.867705
5.224887
3.797751
2.570143
5.680912
-1.438075
-0.912899
-3.943154
5.623721
-0.314628
8.843026
-0.207048
-6.606961
-0.557148
-6.944528
3.465045
5.390729
6.625677
8.268547
-0.974166
4.042585
3.310943
2.835296
6.352642
3.063980
5.169513
7.636699
7.921304
5.753798
6.818118
-2.091448
-0.114753
-10.083828
-7.437854
0.630556
-0.918182
-2.197815
0.102572
-0.838461
-0.768367
-3.051754
-0.853290
-3.608871
4.044488
2.223387
-4.070503
-0.931001
6.012688
2.944813
5.367422
-2.711197
2.028429
2.173605
-2.598971
-5.061703
4.730312
-3.080030
-2.920062
7.867886
-3.038943
-4.321634
2.386231
5.533665
-0.789510
1.209764
2.438439
-5.194272
-2.347210
3.080482
2.153301
-0.182349
0.970382
1.738481
9.360227
9.210023
1.693097
-1.214978
1.059453
2.801524
7.861073
4.326238
3.922364
-4.288143
-2.025810
6.848464
9.376801
-10.268988
7.660406
-2.099957
-10.634693
6.531274
5.031679
8.823038
3.015984
-6.916244
-5.293144
-4.725497
6.901659
2.637676
5.429402
1.468965
7.684216
8.593421
-0.099267
2.589897
-4.516534
-2.380205
-9.890907
-3.419089
3.860404
0.993721
-5.214614
7.658526
-4.096072
-1.479124
0.097782
6.822572
-1.820181
-2.647416
6.918155
-2.217536
4.481910
3.929396
1.118625
4.521941
8.030623
-2.226400
-3.023716
-2.992636
3.930490
-1.159142
1.639368
-4.039664
6.432052
-3.823555
6.744338
5.745279
6.501577
9.658312
-0.376213
-0.439419
8.774090
3.204998
-2.813189
-4.117942
7.358030
2.234628
-2.791447
4.850026
7.428649
6.422979
-7.449425
-6.807591
-3.230077
6.196395
4.107097
-2.678572
-6.325049
-0.150980
5.987298
3.711258
0.713941
-7.893297
-3.677055
-1.789610
10.178067
-1.278582
2.716940
4.040125
-4.191964
3.866698
-4.731536
-15.504992
-0.830853
-1.610760
1.337827
3.472185
-6.384936
8.153239
8.367735
-3.715133
-3.849957
10.007494
1.754986
10.595461
2.590393
0.590025
-2.938747
-1.319024
-5.664005
-13.902441
-0.752349
0.483101
10.518558
-1.249201
-7.636724
3.323565
7.400047
-2.287748
0.765245
1.895149
0.411918
9.768033
-1.761964
0.847334
1.550633
-0.706272
-1.294000
-0.638479
-1.168811
-2.769749
-4.685431
2.757514
0.838994
-2.207506
-9.570656
-3.961438
1.128218
3.662615
-2.193499
4.927406
-3.220662
4.835293
-1.371245
4.110789
-3.990611
7.223055
1.374444
2.792036
-1.989066
-1.714244
5.267899
-3.286344
-5.639106
-8.463127
-2.559921
-4.028591
-8.752869
0.782401
-1.816346
-7.977607
0.417043
5.934030
1.217322
-8.780109
-1.725621
13.548746
7.770382
1.164963
-4.686477
-6.145686
-0.439129
4.400228
5.930817
-4.789568
10.919814
5.412924
3.599147
-4.924815
-12.503188
8.432614
-2.399505
-3.796524
-6.436390
-0.758649
7.996403
3.245630
7.467558
13.816975
1.597850
-1.454847
6.229120
0.360152
-2.662513
-3.525197
1.918684
3.593644
5.713878
-5.877713
-0.125418
-0.620990
4.498317
-9.838027
-3.320576
-1.670117
3.965374
0.459770
2.431867
-7.685537
-0.377708
1.202864
-1.574466
7.313880
-5.393193
7.365150
-3.816907
-11.066897
-3.485667
-6.749659
-5.046633
-3.932747
3.737102
-0.227815
-5.239894
-2.921336
4.469897
8.686239
3.486648
1.701157
11.000716
5.294604
-3.101335
-0.497837
-2.574443
-6.323588
-9.776454
7.010881
1.646001
0.082912
11.716107
8.155967
-4.416431
-4.698745
-1.856025
2.002957
-7.117945
4.481488
4.339450
-2.044388
3.663345
10.494894
1.037701
0.607438
-1.761391
2.442278
7.663621
4.634232
1.547024
-0.833140
-1.843297
-1.445167
-6.760116
-13.802426
-0.405016
-4.088784
0.741269
-0.328607
0.036792
3.685529
1.948686
-9.011078
-14.096264
-4.330616
8.104483
-7.888141
-4.142736
1.855272
-5.631627
-4.542902
3.412771
-5.164520
-3.639265
0.553135
0.039714
-2.715698
3.240013
-4.797315
-7.038094
2.172688
-2.111150
-5.529987
-2.970633
4.510778
8.931389
0.235490
-3.435737
-12.080174
-6.379844
-1.720774
0.163689
-0.589332
-8.687940
-8.212158
-1.727035
8.776042
1.051145
2.664744
-6.643774
-2.660567
5.739663
0.559460
-4.005179
-1.168904
-7.570974
-3.552044
2.964823
-3.343812
6.056081
5.403638
-1.474146
-1.790195
0.977893
6.994389
1.689460
-16.804456
-3.304109
-2.355438
-3.867883
2.174613
7.576797
-4.949141
-3.689345
2.280493
-2.082273
-3.708608
4.899940
6.120661
-2.639199
-2.668061
5.429336
0.330531
2.937533
-7.506208
0.062067
-2.374796
-2.918559
2.183326
6.041122
10.505375
-0.176292
-0.785138
-4.031764
-10.931280
5.406396
-5.158126
-3.740838
1.881146
3.349681
5.572654
2.022549
-4.692776
0.637809
7.379562
6.339834
0.106376
-1.538498
-11.822489
-1.649529
6.950619
-0.553476
-2.629612
-9.878409
-7.172357
4.328371
-7.088650
2.415925
-3.230960
-1.740224
2.509033
-1.911482
-7.906427
4.555601
-4.724083
6.851521
12.036253
6.413312
3.894711
9.352019
-0.054486
0.696477
2.416049
8.928924
6.211016
0.754127
-11.011524
-2.857760
-0.778565
-0.554001
1.977506
1.385718
0.626447
-6.038145
2.390461
4.654529
-5.119239
5.798591
-1.257088
2.192410
-6.407727
-1.230186
-5.942131
4.636034
6.969095
8.498926
0.064025
5.810609
-0.938260
0.916928
-8.353968
-5.044932
-3.386666
-7.819569
0.735956
0.931459
-5.921052
3.360461
3.833654
-2.660433
6.575639
-6.189361
-8.430798
-0.674218
8.078911
7.172088
3.948203
-2.979334
-3.796371
-0.604333
-7.745696
-0.189718
4.139962
-0.561382
-6.737179
0.491404
0.118965
3.617374
1.554639
2.900077
-0.902720
-2.738279
8.442195
14.622270
0.072316
-2.046533
2.866103
10.046774
-9.567056
-6.612743
14.221074
2.536084
0.249733
8.636291
7.390721
-0.749276
-9.090552
-3.597422
-6.679395
-4.437378
-3.003632
-14.937972
4.714049
5.267542
14.449944
10.855147
-3.309185
-8.107356
2.246789
-3.409609
1.743211
5.824309
0.519838
-1.406336
11.834330
17.133978
-5.552283
-0.065082
4.562746
5.101022
-17.781118
-6.047840
14.404080
-3.134046
-8.427288
-6.046143
2.313866
-6.292581
-19.205898
-7.700647
-6.855713
2.362677
1.386030
-14.463774
8.240458
3.524801
17.650956
4.582903
-0.052952
-9.302433
4.845650
-2.847970
-4.164074
5.530578
-5.545770
-3.874726
10.829083
11.121166
-1.984763
-2.756678
-1.338493
7.889017
-11.510356
-8.280497
6.150866
-0.778751
5.123431
-1.507473
7.330447
-1.288516
-10.281761
11.870399
8.189773
15.686379
-1.161813
-5.827497
13.291966
9.421146
7.851664
2.606961
4.639340
-0.550478
6.385138
-1.733967
-4.200808
0.218974
5.794300
0.233098
3.496656
2.958500
6.699044
-4.505848
11.089899
14.094850
7.699123
-0.308959
15.342354
-7.710235
5.944475
-3.212124
10.687495
-0.857678
3.318940
-2.169429
-2.881289
2.030679
-5.247388
-6.555334
-0.189688
1.668663
-9.882870
-3.740907
-0.719320
-3.143109
0.969398
-0.262200
4.426824
6.198815
1.098021
3.921644
-2.714336
10.784496
0.151242
-12.081034
-4.976239
8.318852
5.990318
2.201933
3.949351
4.280852
-1.615448
3.940636
-2.755375
-3.693858
8.719693
3.720656
4.457863
0.610951
-0.123172
-3.797743
-4.602010
-3.103049
-19.340857
-15.546756
-12.154416
-12.331612
-8.225637
-3.691544
3.578951
4.352396
-1.510060
7.327878
-1.711799
0.752993
3.159171
-2.582879
-6.030066
13.592174
2.125639
-5.100687
6.574188
1.490904
-7.410356
-2.460478
-9.498274
7.927434
1.452051
2.812359
-3.613518
-1.963425
13.733002
-1.673065
-9.045460
2.423172
-5.858316
-4.083154
4.234577
-2.617403
0.333441
-5.047133
4.827195
-2.828768
-8.497787
-3.157735
6.447911
-5.980534
0.768998
-2.168497
-6.054793
4.192537
-6.109037
1.982291
8.216142
-10.621264
-12.346529
-2.766561
-1.173020
0.721681
-0.349522
2.357039
10.567767
-0.827075
9.592147
2.707149
-2.067424
3.800380
-0.137578
-3.222515
6.644936
-2.733341
13.389178
7.165010
10.801347
0.183765
-9.651697
-4.016208
4.493575
6.016975
-1.705373
-2.438799
2.984097
-4.650652
3.061708
-2.426242
4.843978
-8.533987
11.008361
-2.956730
-13.467448
-1.999974
-8.211669
4.314935
2.199761
-7.312466
1.525458
1.093163
-10.812346
-12.364985
-10.294745
-5.911544
-4.598878
-10.007101
-5.292932
-5.657712
0.430109
-0.970486
-7.810586
8.855628
-8.735135
-6.224164
-4.009170
-0.204131
8.834410
-11.509167
4.822510
-5.155211
-5.914301
-6.722477
7.865501
2.601497
4.247174
-3.852938
-0.833795
11.137520
9.737666
-9.750698
-0.934513
-4.362229
-1.580063
-12.934920
-0.973389
-6.704186
-6.006838
3.834610
9.873711
0.439168
2.320023
3.954416
-3.864147
6.787782
-4.017121
4.931773
7.205861
9.478512
19.459522
-9.204496
2.982496
5.491059
-2.831860
2.215164
-3.990089
7.695411
-0.606522
-4.445020
2.749061
5.070284
-8.538678
2.761987
0.452130
-9.355294
-0.352043
2.372448
-1.401986
1.365326
-8.743247
-1.539986
-3.739081
-20.059734
-14.916322
-6.657940
-4.796164
7.020833
-3.545611
-3.118364
2.316546
5.437712
4.838412
-11.534187
5.068912
-11.792213
-12.813094
4.462624
-1.388260
15.293802
-11.345699
-14.146225
0.560687
3.542851
-2.671040
12.226078
-0.602710
3.639627
-3.875365
-2.995342
-18.445895
2.174419
-2.629305
-2.107211
-1.423828
-10.019366
-3.633433
2.331452
1.996462
-5.627360
-4.576281
-6.590227
1.184174
6.031388
-0.780648
-16.004432
5.144209
1.945877
-4.839945
1.059401
-15.797961
6.848842
-3.177676
-6.342458
5.441215
-6.835463
4.699567
6.291113
-10.394542
-0.795915
4.283385
6.136434
-3.289129
11.059500
9.187672
3.206121
-5.261270
-1.797718
-11.585372
-7.464462
-4.217330
-4.812648
1.184693
3.292985
0.235969
13.376132
2.353267
-5.681080
-3.616325
2.622580
0.093688
-0.146371
-6.308336
0.891930
5.579393
-3.812445
-4.072871
1.907998
6.057069
-3.668210
-13.922844
2.801057
6.681264
-9.995160
4.186424
6.926252
2.726980
-8.801061
0.077064
9.130202
-0.186712
6.980992
2.715924
0.305141
-1.733072
3.070828
-5.839748
7.199129
6.423658
-6.371134
-12.274751
3.294156
-1.034381
-13.482125
-13.102894
-0.369953
2.931567
-2.542860
-16.009422
-9.448647
-0.466909
0.331998
3.622743
-1.867914
7.036408
8.161831
11.808009
-13.201652
-11.032682
-4.486225
0.701553
4.824837
-3.008744
1.756721
-3.294720
0.003601
0.892846
3.111485
-6.164436
-2.194597
3.968352
-6.501091
-14.883202
-4.196982
-2.997492
-4.836924
3.791060
1.304063
-0.373393
3.731782
-8.297181
1.170536
7.245525
2.564143
10.738171
-11.248015
0.063224
3.873426
4.438976
-1.393812
-2.109775
6.209099
3.270239
4.543149
-8.880630
-10.387016
-16.836252
2.834461
8.415173
-3.443395
-18.063070
3.104441
18.013202
4.350076
7.233709
3.003618
0.515114
-3.360873
10.843495
-4.219386
-2.097577
4.607341
-11.088261
-1.400715
9.155563
5.271262
-0.923144
-11.795077
6.855365
10.086963
9.329868
-18.358648
-2.670557
3.414147
0.798438
6.350029
-11.667142
-17.726783
-13.457820
-17.635193
-7.025968
-5.977414
-4.857349
2.994248
4.566875
-2.143667
2.081493
-5.081671
-2.501635
7.619180
7.810212
-0.680435
8.544585
12.951899
-9.815342
2.908204
2.396653
-3.526603
2.615085
-5.877396
-2.478140
-4.579911
3.403214
-4.470911
11.131796
10.398740
2.343783
7.139429
-2.457318
-9.629183
2.317006
-5.921025
11.199964
2.285873
4.321632
-4.568303
-3.397256
3.919308
-9.894863
4.865437
-9.216971
4.224514
-8.409815
-2.853739
-10.188485
1.551003
-4.592060
1.088978
2.723807
-1.923225
5.042785
-4.454850
1.933967
-4.340145
-3.194874
-11.846124
0.372907
-12.912063
0.324537
-3.669674
-0.968401
-6.817887
-0.400833
-8.297283
1.925590
-0.935436
-4.154336
5.492868
-5.750226
15.690644
2.327444
-0.318612
-2.245582
1.274004
-0.417604
-7.239937
11.630203
10.834690
5.874533
-0.549195
8.480156
-12.055598
-7.812891
-5.658164
3.747376
-8.023516
4.939090
-7.270197
10.900192
6.753501
7.031804
1.716553
7.030691
-7.787911
3.660204
-3.504529
4.965093
-0.653387
3.625874
4.140817
-20.501961
5.461763
-2.906189
-2.615353
9.081980
2.537668
-8.385148
-6.067466
-7.308623
-3.679882
-0.863073
6.009772
5.835326
1.075362
-9.533206
-0.407312
-2.153641
-10.313351
-11.901473
-14.228936
-8.201760
0.369615
-3.780740
-3.473955
-4.431036
-3.459410
6.493103
10.398162
17.009560
8.553012
-8.037452
-5.127753
-5.037317
9.364099
1.230348
0.426318
8.325868
0.663982
-1.728080
-9.539008
2.632777
-5.980865
-2.067837
0.509127
3.947779
4.521442
-18.544183
-4.689346
-14.592981
2.972075
4.349146
-1.139816
8.655690
21.413261
-5.164488
-1.886134
-7.440414
-9.809266
0.858678
4.260190
-7.022133
9.946625
-7.344698
-4.821810
-1.191216
-2.625303
-4.625682
-6.471182
-1.723266
-3.746440
0.919980
5.725975
9.245940
-2.638770
6.276963
4.892068
6.045638
2.242080
-10.189987
5.820896
-2.086533
-5.360151
-6.697583
-16.015264
-6.591673
7.062049
-11.915925
-4.648300
2.650238
-8.577655
-0.640798
-9.829271
-8.983513
0.969841
-8.007754
2.822982
12.334236
11.597177
-5.497277
-5.537875
3.121208
9.651149
-3.233114
7.726913
-3.221190
4.522848
2.196024
8.733108
-8.850065
-2.462870
-8.325952
-6.149390
-5.036414
-7.921177
-1.364758
-5.624208
17.480807
18.247875
7.943336
-0.968603
1.839758
-15.097153
-0.612741
-3.177448
4.080897
2.919791
-0.331484
0.162922
4.435755
4.908940
8.348996
-2.568824
4.938279
1.506412
4.319570
-3.199406
-13.098468
-3.646833
0.208372
0.053320
-5.147128
6.735762
-0.981839
-2.559040
-2.105451
6.758215
3.098089
7.856807
4.725407
3.299304
-4.112620
-2.382969
-3.938861
-2.715493
-0.607287
-6.785777
-2.261264
-7.313105
-4.321644
5.172751
6.011018
-3.791253
-2.945034
1.795846
5.161504
16.227605
12.796218
13.839538
-5.729751
0.863251
-1.658484
-2.724248
-2.022639
2.352921
-2.133810
-5.458783
-0.414554
12.677375
-5.352340
11.678316
0.383765
5.837438
-6.026228
6.389253
-5.191740
1.593082
-10.753599
-9.505295
-1.375444
-5.249320
-6.383055
3.710383
-6.067630
0.436718
10.274525
10.755340
-0.966682
1.181829
9.311843
-13.430072
-8.514667
-3.983183
5.023101
-3.165960
-6.285649
-12.891176
-2.028191
-8.517133
12.471987
10.679571
-11.584746
6.446937
-2.416675
0.841342
-10.230429
6.260512
-6.221989
-7.063247
2.760140
-1.588989
-0.805703
-13.506140
-5.897790
14.138982
2.206741
-3.353487
8.327266
-0.212869
6.331376
1.081278
6.779671
-2.216189
9.904031
8.544905
2.945720
-2.408386
-1.763349
-7.334108
5.596241
-3.942273
9.249937
3.004865
-7.083033
-4.136124
-0.861228
-8.427652
-4.094166
4.710887
1.877265
3.837094
1.293947
-1.373873
-5.143753
-0.784231
2.974427
12.958005
8.987086
19.770044
-2.212407
-6.303382
-7.179091
-2.714256
6.467947
10.314572
-2.321506
0.094883
-2.817111
5.350660
4.003558
-9.111223
-1.078178
-0.505099
14.354378
6.508566
8.253671
4.923888
6.600989
-3.299264
-7.931607
6.694761
-3.449808
-1.626693
-1.554192
0.439911
-5.107456
10.091280
-3.695609
2.721387
5.454516
13.773497
-6.620697
0.641090
10.273023
-1.297072
6.632406
11.988431
-0.177717
7.744555
23.839008
8.280744
-4.465749
-9.008506
-2.137592
4.405115
12.940674
2.507675
1.421151
-1.913434
-15.466063
-10.567563
-4.773507
-1.277591
3.812811
6.817325
-1.785681
-2.024435
2.964545
8.181813
0.305352
8.081025
2.250663
11.916876
-2.417069
-3.634837
1.595179
-0.871396
5.585645
10.191907
-15.946186
-13.380341
-2.579592
6.906497
-3.158565
-1.899496
-8.213114
5.808543
3.884259
3.903887
5.188817
-1.523366
1.873996
5.255407
-1.657759
-10.598665
-7.424740
-5.027750
-19.719954
8.531760
5.398933
1.096369
4.545909
2.243633
-14.339701
4.935609
-4.927092
1.851973
7.168171
2.360658
4.013749
2.007695
-9.744337
0.216942
11.567286
16.183400
-4.614476
2.949114
-1.410828
2.904651
16.590660
2.248347
2.408933
-4.043805
-6.608564
-0.167308
-12.014876
2.757512
-3.436691
-2.762650
-13.246676
11.189629
11.178115
-4.782939
3.653215
-4.605049
-24.992282
8.077997
-1.992689
6.667241
8.517027
4.428462
5.486165
5.782054
-3.288037
2.698630
4.846089
11.474808
-3.515893
15.918319
-2.533928
4.272186
13.692508
-13.493426
-1.507859
-5.225237
-0.653224
0.473394
-6.904056
-12.269749
-9.717658
-12.025909
-4.921998
-8.504140
0.950101
-2.436839
-5.562479
-2.349890
3.538376
-0.845920
1.762996
0.810308
-11.362272
13.198473
-0.575696
-4.043691
-12.969180
-9.936077
-1.498120
3.071230
7.235182
4.267710
-2.649491
6.784524
1.828362
-7.645000
4.423745
1.348456
1.827795
-8.520887
-3.643124
-7.326884
-5.240805
6.011254
6.463099
0.008307
-7.807975
-6.189252
-1.161783
7.762554
3.606106
-3.371868
10.367113
10.109024
-7.000694
12.900967
-6.535732
-4.744678
-2.826065
7.496290
-5.852942
-1.161587
-2.642497
-2.141816
0.255220
0.045720
-1.668328
1.310556
-3.436880
-6.036278
-5.611186
6.883820
3.336348
0.031127
5.515210
3.289869
6.292708
10.802227
2.904065
5.400048
3.370731
-10.802902
-7.858601
-11.590535
3.475197
5.101824
-5.029167
0.010040
4.652752
6.714375
-3.125650
-3.135891
3.030600
-7.220714
-1.291519
0.554148
3.295588
1.569862
-6.364976
1.656125
-9.009876
-9.375694
-11.802076
0.063844
-9.552026
-0.921870
-2.981402
-3.531964
-2.302780
11.262957
6.146334
7.097783
-3.505600
-0.572778
-7.493939
-28.170753
-8.240540
6.226584
-4.898619
-9.214587
-4.886364
-0.442004
2.042284
2.672363
-5.180621
-6.249908
-4.585122
2.069652
-6.110193
0.970757
2.450574
-8.163039
-10.400044
-1.951111
-16.422673
3.104837
3.550561
0.128950
-1.136081
-2.667240
-3.177509
-1.460525
0.898498
3.789843
-7.866014
-0.245462
5.745929
-6.674797
-15.865748
-3.750685
16.265701
2.806843
3.837480
-3.233716
-8.347470
6.603910
1.203473
-2.499076
-0.177859
3.359924
-1.804392
6.520944
9.426391
-4.735567
-0.771601
-2.706004
-12.504008
-3.338322
-8.304937
8.412773
2.212710
-3.200682
6.827868
-9.137594
-0.590130
-2.232277
6.697534
2.712835
16.212894
6.934001
0.074686
9.898222
6.929775
1.085741
16.303509
1.433108
5.378403
-5.014684
-0.219771
-4.611828
-13.638067
12.249832
-8.033408
-2.954711
8.883139
2.443005
-3.621747
3.849520
6.590150
3.283808
-1.661259
-5.610101
-4.148324
-3.051155
4.640816
4.256850
0.082198
-2.570816
3.527009
3.480949
4.402468
-6.827196
-0.281071
6.467452
-0.397798
2.659704
-0.724050
-0.074848
0.099116
-4.984562
-4.607236
7.629252
-2.420481
0.370779
5.831704
5.730383
-4.580359
1.472499
-1.446066
8.798906
6.375859
15.875538
5.057108
6.661740
2.099975
-14.119682
4.855765
-0.058548
5.198693
6.578895
2.281998
6.095532
7.633419
2.327776
-11.929035
-3.933084
3.283811
1.217444
-2.978315
-3.969429
1.385680
-0.543650
-0.285348
-12.934830
2.626877
9.635909
-1.233168
2.194124
-12.706236
1.000353
3.419813
-3.634400
-5.228364
-4.185734
-16.506908
-0.407263
-1.349166
4.853073
3.226067
-6.849669
-3.015689
7.860172
4.243890
3.646873
-8.441236
5.727568
-1.217697
-5.531724
1.081117
-5.900413
7.339968
4.466261
-5.188719
9.583114
0.404758
4.093674
-8.633815
-7.363174
6.962033
-2.749410
1.299803
0.845772
-1.010608
3.934260
-2.708748
4.987642
2.963004
5.575774
-6.528825
-12.343824
-2.047329
1.526773
5.672475
-3.645658
-2.098846
17.926911
3.667950
2.736966
9.939970
9.515022
16.562500
2.138616
-6.871230
-7.764453
15.431833
-1.600656
0.030489
12.231627
6.496269
1.191826
-8.700436
-4.563410
1.823038
5.279559
7.680063
-0.442375
5.013867
9.165995
9.411354
1.311237
-3.510958
-7.302916
-11.016910
-8.049095
0.122126
11.620943
-0.712046
-4.157241
0.934293
7.220592
-5.077396
-5.515706
15.566424
11.111606
3.594264
5.349714
-12.513131
-1.956468
-0.865449
-1.473483
7.640537
-4.573444
-4.389814
-1.459852
-5.273848
-4.664074
1.974000
-3.779699
-4.005447
-1.113343
-0.689839
2.810900
2.741735
5.555249
14.003777
-5.501624
-0.603589
-3.427509
-4.052048
-14.629588
-11.751684
1.695561
1.127412
9.632044
4.534262
6.264140
3.303624
-4.844653
-7.945034
0.303047
7.666684
-8.232648
-1.367813
6.249640
10.404583
-0.731779
-0.312897
0.665285
-4.932262
10.564079
0.485016
2.882278
-3.646411
-6.579250
-7.443405
-0.740903
4.027743
8.341275
1.357855
-6.725843
1.986673
8.133171
-2.761032
-3.923202
7.110131
-7.969421
-16.695033
-3.554499
-6.164387
-6.560524
-3.360432
5.577634
3.241797
1.971635
11.140465
3.789024
2.994051
-2.906406
-8.871612
-3.106384
12.273923
8.925983
-1.900260
1.836961
4.320747
-1.420121
7.321198
-1.745477
-9.104483
3.925435
4.390069
-0.733209
2.439675
3.229811
-1.620495
6.051126
10.263964
6.129390
-11.377023
-7.438731
-3.275575
-8.991518
4.720528
3.902478
-0.680997
3.005716
-4.054897
1.313968
4.147153
4.738846
5.221944
16.976662
-5.495645
1.726484
2.296391
1.506858
-2.922030
-0.373066
2.918464
1.657719
-7.521400
-7.010280
-3.385792
-9.004499
5.797056
-9.763664
-5.689126
-0.195177
3.424960
-7.637563
2.221377
14.983798
-0.259240
8.161686
11.257074
-4.488756
1.202358
-5.962964
-8.015104
0.547910
7.486338
3.169941
-7.915726
-7.061056
7.762367
6.208953
2.772093
-4.525416
4.204378
-2.044370
5.943263
14.804518
-2.214415
12.998397
3.040851
-6.825916
10.124595
9.145411
-6.379729
-13.249901
1.530386
4.586263
-5.095194
-3.156046
5.761866
7.546080
6.837321
-8.848919
-6.475015
11.326227
-0.405448
-1.879575
-9.785088
8.276171
-1.092953
-0.978422
-3.121419
-11.516552
1.023424
-0.228904
1.978827
-7.572236
3.293936
11.753792
1.524062
-0.884418
0.220252
0.667482
7.386804
3.431289
9.083399
-0.177271
0.091579
-6.656429
-6.577381
1.779579
0.703266
10.201543
-0.242355
-1.478973
-0.379006
5.889835
-6.080660
0.598722
-2.114643
-12.774499
-2.710614
6.069942
-7.680325
0.409232
1.932784
1.297880
6.705230
6.579002
9.086859
10.146679
15.246779
6.133702
-0.655096
3.511328
4.120338
3.903571
1.923888
-5.695390
-5.133672
2.785664
5.907278
3.646712
4.971567
-14.260495
-15.559883
-7.124840
-0.863873
-4.330611
13.454167
10.894838
0.161631
10.273652
-0.689793
-1.116167
-5.320350
-2.984144
-6.249617
-3.371767
10.039968
-3.297113
-5.699115
4.092715
6.398320
-5.181520
3.924873
4.707849
9.730918
-7.734461
13.077385
0.438668
-4.632032
8.174252
-6.849501
5.000316
3.684871
8.039015
2.174251
-8.102042
-10.966967
1.105604
5.796344
5.027112
0.839663
-5.954683
-4.418758
9.503785
4.933892
6.550441
0.938116
-5.378095
-2.948629
5.729439
-1.783955
-12.468339
-4.319146
-1.347167
-11.228247
12.245954
18.498476
-7.622203
2.879675
-4.384439
-7.228098
-1.457119
-6.573490
-0.597547
4.057074
3.451962
1.695298
9.624585
4.459174
-3.344984
-5.266397
0.453047
3.124316
-5.380199
-4.584128
-7.987908
-6.912073
8.373669
4.033640
-4.027221
-6.135146
-3.212988
-7.963376
2.676276
-7.057015
-0.103248
2.839008
-10.249404
-1.590240
9.955712
4.038630
9.090873
4.305424
-2.342141
-5.270780
-4.891708
-3.602508
-3.975033
2.827808
-0.476082
11.512843
4.435317
2.702429
-11.957751
7.812999
7.721741
-2.340244
0.524138
-10.384458
9.574987
4.228617
-12.787199
0.342087
6.605083
-6.377553
3.091326
-1.096601
-9.333641
-1.981943
-4.452789
-9.781081
-0.203171
-11.044349
0.656344
12.170015
11.425486
0.246939
2.894345
-3.570150
-3.269895
-5.753126
-3.217084
-2.292306
1.858581
17.732097
-4.659066
8.504547
10.683714
16.565407
4.418739
2.798882
-0.344084
-4.716069
0.952763
-4.777625
4.808707
10.530008
-3.816029
-5.885472
1.062538
-4.523346
-7.065026
-3.864119
5.069127
0.580222
-3.066964
-5.132312
-7.159760
2.036174
12.206480
6.334649
1.643112
0.755156
0.035313
7.878424
2.046228
-8.958686
-3.925814
0.668679
-2.661382
2.955454
-3.689322
12.593434
11.495928
11.515638
7.570985
5.730029
-0.496585
-2.367698
-2.377136
-7.114991
1.754021
8.250262
1.573423
-3.679686
-0.050693
-3.185609
4.683449
-2.712088
1.662612
5.317860
-5.047710
-12.081712
2.272994
7.318772
-2.885836
0.565239
8.296631
-13.961150
-4.962943
-5.503666
-6.427570
-2.961130
1.816258
8.469586
0.109018
0.428773
3.668562
-4.784700
-6.363036
1.813486
-1.066202
2.460259
1.018555
3.708014
-0.440589
-0.633129
4.648529
0.463452
0.756700
-9.780638
-2.721549
-6.210479
-7.444808
-8.212699
-6.037057
3.756660
5.135213
-1.858802
-8.065393
0.213317
8.732965
3.782989
3.956090
4.676457
-1.042323
3.478766
1.499935
-3.955918
-1.750091
1.810204
-3.109271
4.095302
11.066897
1.995328
2.942375
-3.661082
6.845248
2.956779
-5.059495
-2.321529
1.421809
-3.880939
-8.432875
-10.594878
-6.133261
0.491309
-13.152729
-2.204368
-6.302588
4.630494
0.333510
-10.284828
11.267411
-8.891064
-2.753727
4.345636
-9.362188
5.238273
12.605067
7.529557
-5.169187
0.394203
6.870809
2.217245
3.575496
10.995411
7.697364
0.328985
-4.491081
12.017234
-4.013689
-12.017427
-12.265290
0.183937
5.951198
-7.507000
-1.507373
-1.194352
-4.967755
-2.204168
4.588169
8.939975
6.445441
-3.597155
7.275681
-5.214759
0.886152
1.726118
2.290726
1.478010
-3.495259
-4.631127
-3.951790
5.032377
12.476615
2.762528
1.276956
-4.554396
3.112633
2.144134
-12.011962
-8.683686
-1.904999
-6.636507
-1.352613
-1.984714
-0.012675
-16.790780
0.664834
-6.274332
-11.519128
1.842737
5.826633
-8.328754
-5.143163
1.731381
11.147329
2.668215
-8.857928
-3.017238
-0.921602
-14.704268
-1.840640
0.489450
14.167511
6.858238
-4.437069
-10.223082
-1.063950
-5.134854
-13.505526
-3.803020
-6.504362
0.426698
-4.482183
-1.046670
-11.934051
-5.709149
1.097585
2.453614
0.474726
0.231927
6.502992
-4.903895
3.987616
-2.032141
-12.701299
-5.980642
-8.609206
3.956495
-2.603299
-7.063575
-9.792029
-1.806155
2.145154
0.474124
3.745287
5.628719
-0.545445
-2.869703
4.888352
8.684768
0.586762
2.748009
-4.218464
-1.875683
3.517786
7.544222
0.689484
-2.214316
-0.921447
-0.110774
0.300496
9.473329
6.318375
-4.542225
2.767294
-8.445617
-1.185262
7.550153
-1.078806
11.633231
1.742408
3.099377
2.010352
-4.106398
-0.342985
-6.300577
-0.222584
-2.594181
-0.894032
4.080070
3.467837
2.301422
2.690074
-2.549508
-6.268934
-8.880348
-2.144523
7.265406
-5.705616
-4.011508
4.673347
-6.773024
7.548767
-0.207139
-13.372856
-0.594479
1.700399
2.231438
-6.422910
-6.062748
4.580939
0.372069
-5.050504
-1.444739
-12.412661
3.698690
-12.920506
-1.464147
2.031864
6.960356
7.011730
9.878609
3.352539
-10.601486
-1.596920
-2.328903
3.960284
3.375249
-4.232043
1.501064
-5.121475
-8.186501
-13.719764
0.119213
5.897299
3.041550
-0.083753
2.658154
6.410423
1.794020
0.696764
9.816408
-5.312558
-0.458155
2.771728
-8.345855
-5.914902
9.610460
-2.015650
3.803715
-5.238197
-2.821841
2.177434
6.877405
-2.344789
4.565963
