0
0
598010
60882
0
429950
32896
0
159751
0
235260
0
257609
5156
0
0
0
391659
218297
0
0
466990
189472
674638
573015
265800
0
0
0
0
434425
0
0
50241
285802
220948
143052
733989
382384
0
0
307227
112910
0
593490
342953
191291
0
273453
455172
103860
0
0
0
215453
61022
532185
0
0
93863
176950
0
67829
0
0
0
251957
350824
50029
580975
438159
0
0
597628
0
0
180600
240458
235064
0
404112
126703
54806
408930
0
169856
209861
0
0
0
0
0
176918
0
0
288065
0
0
0
161387
0
490275
0
38353
0
488380
0
0
0
225218
105141
0
260296
0
194168
0
0
284995
595599
0
0
0
0
0
176878
182652
0
0
94025
0
82529
0
0
0
18933
0
0
42845
529601
6811
0
18197
0
214552
831814
0
157605
0
0
404299
566007
0
198122
192254
289631
0
322130
204109
0
13146
307866
361353
0
0
0
0
639497
602238
0
0
134763
80620
0
369262
0
17283
575046
0
0
0
121480
74856
48793
260274
0
491326
0
64135
0
0
40432
89207
0
260631
0
0
0
0
259842
170702
0
210496
0
0
0
119683
56165
139633
563237
48805
0
0
520918
95448
0
0
0
0
0
531252
308703
181167
168250
0
307729
0
0
35281
0
185422
419752
455245
0
181792
0
128795
658960
0
0
0
69542
179261
0
45802
789158
0
6633
130728
211643
0
0
0
0
230162
350077
181743
67777
0
0
0
82820
244731
0
32654
213775
0
0
73844
493408
0
220576
0
50251
825073
0
489335
387693
0
187587
60113
744715
82029
156847
0
145099
0
0
66003
0
0
0
0
0
529616
0
0
0
0
317914
148638
0
208159
0
0
213624
177221
0
224246
0
0
29246
248855
788739
166418
0
262488
214024
263336
0
45615
118274
140476
0
181883
196485
0
0
0
0
0
22077
24136
311483
696124
0
0
515872
0
238107
0
0
1752
137100
25411
152195
352018
0
343019
282270
53971
0
426727
0
0
120488
56989
292385
52980
0
0
330471
0
0
180541
261263
81366
0
573533
306754
0
0
0
233
522770
0
0
65997
567349
51429
672485
528089
63773
0
61131
0
204196
361089
0
0
285383
0
0
0
0
0
202313
504803
0
0
118314
0
459062
0
0
426310
550592
0
0
0
199397
0
363255
298389
410763
0
477052
0
106084
0
0
0
108062
0
6482
5305
227798
29664
225592
517200
34506
0
0
283169
671228
0
0
330979
0
98969
317425
239211
187607
292273
139030
160401
0
0
0
0
38164
0
0
0
108955
6975
0
0
0
105470
414594
388770
271909
0
0
332204
358121
210998
0
0
0
0
0
672419
0
707949
328905
407982
0
0
27587
331384
948564
0
0
0
554658
0
0
486196
51842
0
0
0
0
158239
0
0
567717
180454
0
0
0
284111
273747
0
0
146258
0
114335
0
0
202898
0
0
0
0
0
281638
0
0
375364
0
0
0
170551
251325
213252
25718
121050
324907
351886
70797
0
0
47511
411253
0
571448
0
0
0
363888
0
563882
0
0
0
0
0
0
298124
0
574350
266768
0
282922
76441
0
197491
218046
0
116644
308030
325795
327510
0
0
0
0
235320
75355
0
0
118493
113861
0
0
0
0
367969
0
0
332858
63961
104933
292429
0
322551
179519
492894
77241
0
0
0
0
0
193132
0
272871
71419
167449
221265
54804
0
0
249545
243907
0
42935
0
0
177854
0
0
0
8204
0
291696
296735
340959
0
79472
153520
0
0
100410
281252
24407
82556
0
141395
0
0
312232
0
0
0
0
0
514770
134106
0
0
0
0
372307
0
0
0
95366
460345
166139
0
0
0
91763
0
247767
89268
0
272157
108157
399310
0
3749
0
605391
702454
83874
0
0
0
501208
0
220239
0
0
0
0
0
518515
290124
617915
0
0
0
0
0
0
120047
0
0
0
905250
691920
293697
201165
0
207213
77440
0
56297
0
0
142325
250836
327285
0
0
0
354161
67673
0
0
873669
0
46454
0
1949
0
143860
0
0
158778
0
333133
0
480662
268505
0
641576
106517
151366
231463
0
0
0
349220
532829
126584
0
265126
138464
648032
0
0
37218
0
0
0
0
252747
164300
0
353186
143876
363378
0
0
0
0
0
283775
0
0
177778
0
0
0
80743
86695
94734
303051
283288
252285
124622
0
111139
0
55489
0
0
0
421072
178493
0
220659
562160
0
72726
540663
0
0
0
183943
0
0
136312
121525
0
111926
473588
0
0
798657
345604
166100
348975
364172
0
0
564707
0
176025
0
221582
198571
0
0
388175
0
269981
128948
0
119223
432471
0
0
0
208568
0
0
259195
102404
60285
0
837822
781755
0
281784
0
0
0
1044440
248413
330556
36133
120131
349275
188308
30323
189058
36011
0
0
0
0
640177
0
146870
614766
403972
62602
0
0
127297
0
0
0
7448
333416
0
0
0
0
427734
0
0
0
0
303757
0
0
0
129932
125175
721716
0
0
0
0
0
433507
178182
0
102449
0
167745
426065
200248
0
0
27906
0
0
398812
538616
0
179508
0
0
730886
482984
0
0
0
76981
616304
509255
0
169932
0
0
362026
278133
174969
140712
0
0
159698
90453
140654
0
0
0
183860
0
286941
0
116974
122022
0
0
42442
531957
358330
0
324745
0
419153
0
0
340913
0
10247
690130
0
0
0
0
0
153326
0
155548
0
0
0
208892
148867
0
0
0
496
0
46057
0
102130
0
0
139323
0
626535
0
0
207318
0
183599
159172
0
231609
157499
205295
138400
114638
369515
0
0
0
0
626175
89049
0
133363
0
60598
163615
0
193041
161824
0
206257
59277
0
874603
0
57957
0
82326
394020
0
0
378166
427872
415070
0
0
0
0
0
415546
926719
0
33414
307283
0
0
0
445855
0
306996
0
506593
310087
110699
0
0
0
0
0
0
51748
241576
204314
0
0
0
0
0
0
122164
137794
3524
284284
0
755482
17709
353035
11768
0
480192
0
0
0
352772
3953
0
0
294476
69441
256392
131275
0
0
0
0
281673
627313
578484
0
435303
0
0
0
0
0
0
221210
83215
242921
0
0
0
0
269283
0
239057
333261
0
67531
0
0
0
0
423637
183290
0
0
112773
0
1953
94966
146120
591789
389945
0
0
0
0
2680
0
239566
0
783271
0
0
241762
0
252996
148964
347361
0
81185
509200
0
0
556096
995615
637930
6752
533784
0
0
437072
161232
67758
0
0
0
0
314853
603615
117978
0
0
119085
0
552815
0
288268
0
0
426489
0
265343
182355
0
0
0
0
0
363673
367006
0
149685
0
0
0
58165
0
0
311753
0
156301
404269
137645
0
330
125031
779952
427003
0
14183
0
0
0
176400
0
0
21543
0
0
0
0
358295
64988
152105
311030
343111
0
0
555776
0
28720
342519
0
380797
0
99535
0
0
0
414780
495111
0
40433
719602
318917
226475
554624
349413
910376
760083
52800
0
0
0
0
540253
156178
227389
200973
0
608678
394945
0
0
51609
0
0
156847
0
40638
0
0
449842
888890
0
0
186087
338630
0
402942
656752
532369
712256
125514
0
786593
0
0
0
0
39988
269889
133214
109700
0
0
0
217964
18579
0
326862
0
0
0
0
0
311895
0
0
0
0
236251
0
0
716907
274875
234477
47510
671294
0
640458
96135
185949
0
0
0
105943
355652
115510
65799
0
221481
0
6426
877140
478264
481734
0
154370
0
0
72409
5703
47303
384652
178542
0
0
415876
163188
54971
0
277918
167825
132389
348280
655333
85537
0
135006
0
415027
507154
363464
181268
31249
0
137662
683894
428667
0
0
0
0
319130
0
92239
0
30426
62548
598546
378065
66643
0
0
0
316962
82024
0
0
434661
738317
0
0
0
313171
873168
315267
0
0
0
968914
1000544
0
60871
0
0
0
68438
176153
0
0
0
0
111857
157750
202589
0
0
53180
288750
0
0
0
381973
56923
0
0
302474
669426
330524
179935
289492
0
202592
33043
531909
0
0
214082
309652
51926
396006
320220
39528
0
0
0
42700
127970
7720
0
575799
506476
44200
11267
110953
0
94187
309317
49791
0
71737
0
359973
633410
418533
153234
0
369313
0
0
145461
235219
575957
258331
554696
487824
157554
0
0
768560
443260
0
404109
0
51769
0
379544
237068
0
144829
0
0
0
0
0
0
0
3017
0
157136
818026
354398
0
0
0
0
0
47562
767136
499147
0
293369
0
0
149790
0
0
0
0
171843
291610
194451
0
707579
60097
121789
341934
248871
166901
371152
0
0
0
368293
0
576095
0
0
0
0
224607
351584
433350
540451
0
264133
216115
183674
415092
200170
337666
498781
518119
375784
445025
0
0
0
0
40801
0
0
6041
0
0
0
0
0
264653
145042
0
0
391865
191707
348881
0
131749
140586
0
0
308653
0
0
512817
0
0
157484
362579
0
78831
159449
0
0
202685
139908
0
62025
114255
609863
601604
109987
0
69818
184439
513173
283192
255200
0
0
447297
611382
0
501893
0
0
427385
327458
575865
196306
0
0
0
448998
171853
353473
95377
501759
561960
0
171546
0
0
0
0
252648
65108
0
500948
0
0
5201
446517
0
0
452927
0
292371
257956
73342
295196
524069
0
0
0
256942
0
106760
0
421649
0
440043
373710
425511
631459
0
0
573212
209703
0
0
480633
146802
0
316210
485933
419108
0
0
0
405563
267266
0
0
0
390432
242008
45359
0
0
0
664825
0
177954
263554
0
251672
0
0
0
0
87289
226959
0
530917
547352
0
0
654031
114275
690617
168227
40020
0
0
0
0
0
31307
686425
0
0
215256
483057
0
51507
122871
25865
638392
0
54465
101078
0
0
0
0
0
0
179560
55024
0
0
0
73839
239118
0
321311
0
315353
0
268669
0
472195
90458
182108
0
0
342812
0
0
0
0
0
0
50693
0
0
27481
387331
78427
0
0
884378
506138
76310
0
0
0
286567
387442
0
713632
351862
233924
0
0
550628
0
0
0
0
522109
211607
486687
902287
105555
0
407101
23560
0
0
126028
234573
373270
0
0
0
294016
0
0
0
258895
28921
159746
0
0
78543
0
477084
0
480972
0
0
0
0
0
0
244226
0
0
0
291481
567796
226878
112044
718694
346212
0
0
0
0
0
459725
108195
6834
763758
532281
0
0
0
130599
0
292646
283573
0
239286
685641
66414
38734
0
159465
499923
301955
101763
0
0
0
0
0
0
0
49083
0
2373
240651
125753
0
0
0
529515
0
0
123134
0
0
223614
0
0
36956
3452
0
213180
0
0
143614
0
0
0
294882
583866
15257
0
0
0
0
10427
0
0
0
0
573919
67856
174374
0
0
373922
36594
0
0
0
0
193542
0
397248
352524
0
0
65435
457070
110933
0
0
0
0
140612
495110
0
0
148135
0
0
319828
401405
0
0
353726
21837
193412
0
4599
0
0
141909
393885
685757
0
0
0
0
353299
0
0
123694
218336
363932
132747
0
41637
483448
413343
5240
0
0
0
454367
0
0
0
0
282679
0
158432
0
0
162494
0
0
296965
0
447252
784937
419320
253196
609117
0
45645
155830
584169
403973
47979
0
0
0
0
128178
90399
40897
0
155120
303349
0
379734
0
142391
0
0
0
304618
456063
554623
3226
380586
0
59720
0
0
0
0
47783
62756
0
220620
251131
0
428760
0
0
0
527398
468396
257076
0
0
0
0
0
271573
0
0
33085
8007
235588
101301
189720
0
0
550968
955954
6139
0
188289
657651
0
0
927995
165840
17367
562561
482839
0
0
0
0
0
0
0
310035
344301
945816
709314
0
0
147184
0
114521
380362
35181
0
773965
1119769
0
0
299131
333699
0
0
939355
0
0
0
150513
0
0
0
0
154746
89662
0
538650
228516
1155112
299322
0
0
317392
0
0
363565
0
0
707714
725669
0
0
0
517022
0
0
401232
0
334623
0
478340
0
0
775095
535367
1024315
0
0
866798
615573
513120
169524
302414
0
417205
0
0
14838
378142
15475
229762
192306
438450
0
727222
921646
502743
0
1003067
0
388283
0
696225
0
215707
0
0
133157
0
0
0
108871
0
0
0
0
63383
0
289779
405433
71205
256102
0
703913
11059
0
0
540293
389056
145019
258498
277890
0
258821
0
0
569815
242075
293633
41225
0
0
0
0
0
0
0
0
0
0
233885
284504
0
477528
0
50072
206486
0
0
886637
138298
0
428908
95508
0
0
0
516664
93213
184942
0
0
897946
0
0
157636
0
0
277070
0
20605
0
316310
0
0
0
423434
0
50632
0
0
274016
0
129014
537391
0
0
0
0
47935
0
156354
690090
0
628097
176678
0
248345
0
0
435265
0
874847
469401
705839
11928
0
0
294431
393060
0
0
195452
0
199484
0
317564
0
720316
0
0
0
0
281711
142034
0
98663
72863
0
0
0
0
0
0
0
0
28387
0
0
579532
0
0
0
0
577582
0
313979
0
0
0
514143
168936
277601
0
0
726927
636684
0
0
0
0
0
0
0
0
249102
643874
25285
151347
259571
0
442954
0
322614
471496
620072
1270881
0
194652
357989
0
144480
0
501501
0
0
179895
331554
0
179933
30090
0
0
155402
0
89964
0
0
0
0
0
0
0
458441
0
0
151205
354585
318206
0
332470
0
0
291389
0
999957
0
0
35571
232470
0
799761
0
236678
0
0
0
142721
0
0
0
0
0
152858
131001
0
0
0
76924
394907
0
0
336631
126661
0
67847
0
445763
0
0
355130
0
307066
412064
0
0
279761
402036
0
722798
597680
210792
0
0
0
0
0
0
75623
214688
15750
873713
155452
0
0
170470
4437
0
0
57712
365513
0
0
124407
395193
0
0
181876
437499
0
274212
451311
176975
0
6891
597134
0
455946
177180
20547
0
200701
0
470398
419734
0
0
216070
0
0
0
0
192254
0
0
0
0
22389
237687
0
459576
533291
771572
0
0
0
45683
314534
0
117193
0
0
57475
202588
0
0
259504
0
0
0
0
0
248338
85538
0
244017
0
76638
473853
165513
703857
0
3973
253102
290870
0
0
406572
214962
297119
0
0
0
185004
549115
0
0
204087
1176101
284315
473042
196312
33617
0
710282
0
0
300060
0
0
599801
344679
0
0
447601
657709
608831
0
0
224573
53181
413405
0
0
0
0
0
0
0
196963
298526
0
136531
0
0
498618
510731
0
558983
848395
0
191332
157349
0
171237
0
0
0
222471
0
726200
680680
154124
467556
0
0
152716
0
730337
148675
281515
0
0
257562
0
318388
0
277254
0
0
0
101532
0
73444
178331
0
330105
0
127338
0
0
0
23639
0
23616
0
0
0
0
0
125973
0
0
359864
0
1026619
152831
0
0
84689
0
0
760716
707306
385074
0
552950
0
0
0
246703
0
321804
0
713382
442027
460410
111639
458561
0
239060
0
324068
0
236243
269736
0
357859
0
0
593973
164888
0
0
0
0
0
391703
380182
70926
0
0
0
0
0
0
0
22887
0
0
0
0
423442
675819
1111282
559659
0
0
0
613129
79991
26230
544441
42426
0
0
171799
0
0
32310
257021
296492
0
0
0
194714
284991
0
566909
1398282
0
0
0
0
55777
277649
0
649236
0
0
0
0
0
0
0
0
60316
373883
605131
0
411069
318816
395323
147637
0
380459
0
0
0
0
0
461934
0
0
173035
0
0
0
0
63376
0
186100
806666
757295
0
0
205430
631351
0
506268
0
294400
142629
570839
0
0
0
0
0
0
0
0
1144407
1192588
521752
0
120638
0
0
0
267300
190689
0
10674
288736
321235
546086
0
324402
100469
283653
0
0
0
14710
4470
0
439163
0
0
0
440106
204138
513894
308359
215605
0
0
0
0
0
0
0
0
0
338243
393504
0
0
119295
338192
1061539
837013
905336
0
54973
0
0
0
154207
0
0
0
827288
0
763114
24159
381666
0
418831
0
104328
0
0
0
0
0
242462
0
30995
672050
703379
0
76104
608644
0
0
0
328482
0
0
0
0
0
816633
698382
0
422317
0
58256
0
410529
0
0
182239
0
0
0
0
925284
145003
0
543638
0
413496
70707
444057
0
648980
558466
192357
0
0
0
364270
0
604719
193977
0
0
0
0
0
307576
121834
250336
85066
0
0
0
193677
849181
585570
1292950
0
0
0
0
423140
674862
0
6520
0
349649
261838
0
0
0
936278
423979
540906
321200
430550
0
0
437229
0
0
0
30260
0
657737
0
179753
355302
901354
0
43363
671654
0
434283
783370
0
504765
1557029
541726
0
0
0
288377
846333
165079
95603
0
0
0
0
0
247712
444861
0
0
192838
534851
18503
527547
145289
777879
0
0
105230
0
365195
666153
0
0
0
452214
0
0
0
380916
253869
254982
337953
0
122989
343220
0
0
0
0
0
557629
353754
70832
296307
145847
0
321521
0
121784
471536
155643
263455
131020
0
14166
755422
1057412
0
193693
0
190398
1084108
146553
157557
0
0
0
0
179625
0
0
0
732060
732135
0
238702
0
0
527481
0
436668
558024
290354
358919
377334
0
176635
316483
749858
0
1039590
0
279558
895157
0
0
0
0
30237
0
0
0
0
0
0
63269
0
0
0
230705
0
114713
52976
0
862494
0
0
0
0
0
201335
472749
278399
0
443825
118915
0
288003
87087
120082
0
0
0
0
393832
423196
3191
0
0
0
507689
235088
0
678285
659842
0
842622
0
0
0
491612
0
0
0
0
16622
2215
0
85996
0
0
0
450182
217159
3490
361310
213236
410576
706358
189102
353229
220250
0
0
0
228653
333582
0
0
304662
439084
0
0
197013
0
0
36174
216224
104105
0
106869
0
0
0
4452
0
0
0
0
0
735667
399321
461898
0
0
0
0
0
405931
0
0
0
0
133662
173258
0
0
0
135980
0
64154
158998
0
0
0
0
203747
231700
9134
0
0
0
0
58028
247471
0
0
374905
0
0
0
1062135
182204
251089
0
0
430271
77590
0
0
217464
0
426210
616237
0
0
0
0
0
0
550933
144926
0
447297
0
0
0
436330
177377
1060647
452941
5585
646343
452140
70140
1066379
93088
349997
0
0
0
0
799864
0
0
580285
159448
0
252473
431861
214094
0
0
0
0
303930
276860
4033
0
231039
227730
287998
0
0
422108
0
172816
0
0
6216
0
0
497497
0
24762
380135
373244
0
95095
0
574072
415368
1036321
330736
435300
139367
0
316555
0
339910
430270
148754
398304
499294
152631
0
0
214328
81266
0
0
90581
0
0
0
170645
629910
0
144142
0
66705
223270
0
0
0
0
0
0
316187
212113
0
0
513265
277302
238414
0
373030
0
0
70693
0
480483
290842
0
625666
25752
267089
0
0
454448
0
84493
56044
0
258034
0
326066
193411
364302
0
0
0
99687
371245
0
0
1169625
238897
178222
648507
623029
1082303
139381
0
0
1006960
0
1314
797932
422870
76325
0
0
119034
345137
503735
0
328523
599401
615633
85713
0
0
0
0
8418
759965
0
0
61167
471027
0
0
1018007
725699
234116
348438
0
0
0
0
499035
0
0
0
0
0
130649
0
0
0
0
183447
180050
364329
915118
0
0
0
0
0
0
112373
75345
629734
296515
411461
214103
0
0
18699
502132
0
0
408552
680180
0
0
41775
0
689614
31523
188159
0
0
0
0
264827
544677
89430
0
129343
530926
0
0
466153
0
0
0
0
0
0
365746
212204
126868
727975
246243
195426
0
0
0
802255
582967
0
120263
281698
0
478727
0
0
257217
287740
0
160773
211765
0
395443
670172
400010
0
0
0
0
307533
254039
0
197143
0
86582
269992
309207
338737
1108665
0
112982
149556
99135
0
0
191330
105694
0
0
0
0
379465
0
0
0
224671
0
145053
979132
0
534154
736190
0
78413
0
0
34047
490267
206158
0
0
505093
404449
180155
0
273210
0
387964
965537
0
850020
200576
0
661528
596543
0
0
99662
299165
0
0
376647
491821
444203
0
0
741006
0
0
0
542307
0
0
0
0
66725
0
129274
0
215942
768548
98365
0
14114
42144
483649
223829
592908
0
6899
0
0
116422
46836
667158
0
0
0
385610
0
39616
0
0
0
395151
0
25841
128046
85556
438976
430083
594164
662787
996838
399364
0
230938
269706
252526
124933
0
0
181760
386880
237803
324422
0
0
0
0
0
879434
711470
9874
671148
0
0
0
0
0
0
656304
0
0
267788
418005
0
256627
308050
637436
0
855127
27631
0
533992
0
326156
239526
525081
141999
0
0
71052
377913
327449
53094
0
0
620415
322302
429338
60895
0
0
372402
0
0
0
0
0
799807
1208067
0
189070
0
0
0
0
0
266145
225656
111882
628063
291901
0
0
27936
204461
0
0
0
0
546802
262807
0
0
0
0
174870
0
0
184739
0
0
649361
264603
595085
278994
0
0
0
0
0
183604
0
752892
289227
177550
0
510983
504572
0
33863
0
625787
275571
0
24667
432903
0
203540
0
0
0
0
0
0
0
44603
793899
746739
16278
189780
0
0
0
0
0
121163
1158836
0
556336
698294
1083886
288308
182573
0
0
62510
0
313437
687913
0
0
69791
0
0
0
331166
35940
0
0
0
133583
796183
413528
108534
48576
1677
513093
131548
0
0
43060
0
194263
0
822752
752003
751962
492877
374674
0
0
0
0
115622
541164
102154
0
0
0
306043
0
109261
347796
0
0
146464
480610
0
38416
541384
0
0
0
0
0
121625
553137
5640
28223
240160
0
0
118464
0
160001
66764
242919
0
0
302972
29658
47993
0
0
0
0
0
0
243908
335641
0
0
14530
571606
245823
257407
304895
0
226378
96842
0
0
117197
0
267762
723585
130574
193086
0
446960
192797
0
0
91728
0
0
0
0
30537
0
0
0
302613
21298
0
737408
0
0
283419
0
341641
823728
491645
0
26021
449991
142995
232878
718355
503710
19939
0
785655
0
0
0
13440
387871
0
0
0
0
0
299953
583459
420956
0
475525
0
58384
112311
148472
96725
0
0
0
330085
815796
179796
82666
0
203136
140246
0
0
0
0
0
0
0
0
43557
0
0
120066
380170
0
0
112506
728895
173560
0
0
0
0
0
31748
926061
447048
0
0
0
0
0
0
0
29788
0
0
0
0
72051
161267
32080
15932
425217
0
260691
0
0
0
0
260526
0
0
0
0
139656
30545
243565
367478
0
0
319444
568973
36620
178223
0
0
229453
490405
43527
0
0
0
18419
617495
411434
0
182540
0
0
492422
0
761489
113243
201262
129978
0
0
0
0
0
0
266599
226470
150483
176003
0
0
0
0
474850
0
0
304661
0
492297
0
0
0
110313
145886
0
0
298179
25136
0
0
0
241027
0
0
133549
454031
457488
645451
217605
0
0
0
258105
220108
0
99310
0
0
0
9259
384963
199012
0
175045
419778
117132
44852
639004
0
0
179712
0
0
629600
0
248327
0
0
141919
449880
0
298365
