-468020
-365487
-450566
60882
-402506
429950
32896
-447313
159751
-164213
235260
-157533
257609
5156
-365658
-429112
-21036
391659
218297
-73067
-19963
466990
189472
-373938
-475561
265800
352757
-64578
-127310
-353149
434425
-272039
-364410
50241
285802
220948
143052
-314587
382384
512894
-515329
307227
112910
-207393
-455086
342953
191291
-352686
273453
455172
103860
-23951
-70530
-421238
215453
61022
-516391
-122956
-65791
93863
176950
-177065
67829
-252747
-16581
-236955
251957
350824
50029
-467601
438159
-489065
-434798
-450948
-185115
-172042
180600
240458
235064
372882
404112
126703
54806
408930
-223310
169856
209861
-219839
-142999
-352041
-513838
521763
176918
-367215
-250531
288065
-311978
-502374
-18450
161387
-49503
490275
-187483
38353
-214313
488380
-59895
-329559
-356649
225218
105141
-146057
260296
-212716
194168
-25962
-99414
284995
-452977
199482
-218509
-90277
-214764
-66337
176878
182652
-352873
-204166
94025
-125123
82529
-134674
-101477
-379815
18933
-124164
331317
42845
-518975
6811
-186522
18197
384567
214552
-216762
-30198
157605
-7266
-20614
404299
-482569
-107143
198122
192254
289631
-7102
322130
204109
-198375
13146
307866
361353
-192876
-86725
-359991
462238
-409079
-446338
-361430
-94260
134763
80620
-11246
369262
-181423
17283
-473530
-90992
-148472
-86959
121480
74856
48793
260274
-283868
491326
-412374
64135
-163553
-423994
40432
89207
-128157
260631
-416284
-78984
382266
-477858
259842
170702
-103157
210496
-359186
-45533
-167518
119683
56165
139633
-485339
48805
-142089
476903
520918
95448
-513025
-172132
-482312
-237204
-405125
-517324
308703
181167
168250
-27415
307729
477906
-312848
35281
-278063
185422
419752
455245
-152901
181792
-9198
128795
-389616
-296570
-93866
-64326
69542
179261
-109625
45802
-259418
-508920
6633
130728
211643
-131921
-226745
241538
-378541
230162
350077
181743
67777
215535
-348713
-409236
82820
244731
-280591
32654
213775
-456894
-164817
73844
493408
-243264
220576
-149699
50251
-223503
501372
489335
387693
-481714
187587
60113
-303861
82029
156847
-281069
145099
-23962
-65226
66003
-5564
-273195
-458057
-178369
-131685
-518960
-430904
-178187
-11262
-380882
317914
148638
-271151
208159
-330807
-500571
213624
177221
-53182
224246
-389229
-225318
29246
248855
-259837
166418
-99057
262488
214024
263336
-241304
45615
118274
140476
-369019
181883
196485
424060
-313006
-96479
-441761
491197
22077
24136
311483
-352452
-391354
-12383
515872
-300953
238107
-96200
-383041
1752
137100
25411
152195
352018
-188819
343019
282270
53971
-107133
426727
-55460
-258476
120488
56989
292385
52980
-310532
-176128
330471
-250635
-107835
180541
261263
81366
-185147
-475043
306754
-17314
-128687
-83600
233
522770
-68290
-188601
65997
-481227
51429
-376091
-520487
63773
-479323
61131
-63010
204196
361089
-352411
-161058
285383
-320443
-496635
-2223
-122595
-262413
202313
504803
-300540
277376
118314
-119264
459062
-367627
-224204
426310
-497984
-520539
-77548
-44667
199397
-232593
363255
298389
410763
-15491
477052
-399380
106084
-275005
-164896
-84048
108062
-14079
6482
5305
227798
29664
225592
517200
34506
-474876
-166270
283169
-377348
-66629
-315582
330979
-289376
98969
317425
239211
187607
292273
139030
160401
-365676
-280522
-125392
-165435
38164
-521668
-28151
-289987
108955
6975
-128987
-115668
-1958
105470
414594
388770
271909
-133575
-54464
332204
358121
210998
-184366
-135961
514981
-494219
-216951
-376157
-52846
-340627
328905
407982
-406900
-151281
27587
331384
-100012
-160554
-329265
-31496
-493918
-468259
-438569
486196
51842
-290314
-120452
-196864
-305635
158239
-9830
-130966
-480859
180454
-97353
-228127
-38436
284111
273747
-181365
-189053
146258
-72246
114335
-189012
-380544
202898
-358482
-58525
-255538
457835
-349494
281638
-281140
-125667
375364
-45628
-138735
-97703
170551
251325
213252
25718
121050
324907
351886
70797
-163455
-512964
47511
411253
-29242
-477128
-275633
-182243
-238078
363888
-270103
-484694
-169883
-78687
-152619
-364270
-245634
-125130
298124
-71999
-474226
266768
-84466
282922
76441
-49655
197491
218046
371286
116644
308030
325795
327510
-67419
-140158
-295245
-182292
235320
75355
-500572
-305022
118493
113861
-171811
-57208
-246532
-312189
367969
469865
-92363
332858
63961
104933
292429
-220456
322551
179519
492894
77241
-67520
355040
-117261
-478107
-99107
193132
-335975
272871
71419
167449
221265
54804
-379056
-150944
249545
243907
-81727
42935
-513559
-2922
177854
-309681
-111078
-512419
8204
-183528
291696
296735
340959
-110821
79472
153520
-174135
-103847
100410
281252
24407
82556
-288324
141395
-133644
-173061
312232
-8800
-241141
-131835
-154966
-153528
514770
134106
-271178
-90017
-387386
-129698
372307
-169230
-103824
-28873
95366
460345
166139
-161472
-90747
-257312
91763
-62362
247767
89268
-263264
272157
108157
399310
-187656
3749
-102430
-443185
-346122
83874
-352182
-200725
-56583
501208
-59536
220239
-463785
-11670
-260042
-33496
-259160
518515
290124
-430661
-147169
-40774
-150418
448855
-165058
-66064
120047
-34304
-38534
448064
-143326
-356656
293697
201165
420073
207213
77440
-261594
56297
-128251
-185680
142325
250836
327285
-94833
-73336
-78758
354161
67673
-75905
-368993
-174907
-151143
46454
-287627
1949
413789
143860
-258565
-132012
158778
346032
333133
-149611
480662
268505
-107473
-407000
106517
151366
231463
-168331
-154744
-91903
349220
-515747
126584
-140024
265126
138464
-400544
-304345
-343842
37218
-225008
480504
-57627
-212809
252747
164300
-144336
353186
143876
363378
-24563
-214295
-123023
-438345
-164288
283775
-323203
-63518
177778
-18794
-248065
-74407
80743
86695
94734
303051
283288
252285
124622
-227578
111139
-40705
55489
-134040
-219155
-78315
421072
178493
491076
220659
-486416
-217402
72726
-507913
-197583
-217320
-114119
183943
-63007
-358911
136312
121525
-181052
111926
473588
-115308
-1660
-249919
345604
166100
348975
364172
374804
-162130
-483869
-333637
176025
-330114
221582
198571
-237625
-273021
388175
-280482
269981
128948
-415021
119223
432471
-133877
-8310
-390886
208568
-27166
-139746
259195
102404
60285
-14521
-210754
-266821
-172928
281784
-120095
-200672
-327009
-4136
248413
330556
36133
120131
349275
188308
30323
189058
36011
-80704
-22994
-295015
-283182
-408399
-292165
146870
-433810
403972
62602
-131150
-150724
127297
-80592
-163128
-168574
7448
333416
-112162
-340174
-232417
-16619
427734
-92225
469011
-271658
-332897
303757
346938
-126124
518741
129932
125175
-326860
456534
-149333
-126614
-429127
-233096
433507
178182
-118656
102449
-138951
167745
426065
200248
-367078
-64099
27906
-298700
-427362
398812
-509960
-330038
179508
-462099
463712
-317690
482984
-417025
419902
-380996
76981
-432272
509255
354115
169932
470959
-313379
362026
278133
174969
140712
-208083
503641
159698
90453
140654
-440413
-241325
-104752
183860
-500788
286941
-350538
116974
122022
-107194
-458547
42442
-516619
358330
321259
324745
-87264
419153
-11832
-274254
340913
-107687
10247
-358446
-166568
-158899
-196218
-385300
-430507
153326
-333446
155548
-272391
-365306
-108970
208892
148867
-17576
-110765
-255262
496
403365
46057
-49379
102130
478580
291020
139323
487114
-422041
500879
-168588
207318
-334228
183599
159172
-385014
231609
157499
205295
138400
114638
369515
-249697
-31572
-42602
-6459
-422401
89049
-410220
133363
-202892
60598
163615
-89271
193041
161824
-38513
206257
59277
-324615
-173973
-275296
57957
-367005
82326
394020
-315137
-374829
378166
427872
415070
-246687
-201686
400707
-213227
-6245
415546
-121857
-409771
33414
307283
479249
-21000
-47070
445855
-157902
306996
-14095
506593
310087
110699
-92412
-141773
-78548
-332723
364327
-411229
51748
241576
204314
-175100
-429146
-405159
-307359
394687
-246382
122164
137794
3524
284284
-429714
-293094
17709
353035
11768
-94379
480192
-164042
380926
-195218
352772
3953
459984
-236174
294476
69441
256392
131275
-125533
471702
-92438
-102697
281673
-421263
-470092
-9747
435303
399408
-80254
473471
-216578
-296887
-463242
221210
83215
242921
-40396
90998
-444493
-61316
269283
-437706
239057
333261
-387838
67531
-18647
-165283
219522
290276
423637
183290
-29739
-194568
112773
502879
1953
94966
146120
-456787
389945
-428223
-292138
-490809
-492659
2680
421239
239566
-56991
-265305
-252663
402088
241762
-437301
252996
148964
347361
-177158
81185
509200
-257935
-65350
-492480
-52961
-410646
6752
-514792
-14301
96356
437072
161232
67758
-63275
-95202
-289037
-296928
314853
-444961
117978
-24207
-172055
119085
-49380
-495761
-264451
288268
-186882
-432953
426489
-113588
265343
182355
-141343
-451110
-516559
439395
-213732
363673
367006
-117930
149685
-107717
-248099
-108900
58165
-123653
-14902
311753
456981
156301
404269
137645
-232169
330
125031
-268624
427003
-223837
14183
-117253
-282845
360021
176400
343492
-447526
21543
-326906
230970
-387859
-250938
358295
64988
152105
311030
343111
-438376
-300258
-492800
-88311
28720
342519
-178475
380797
-39531
99535
-55196
-379978
-280630
414780
495111
-211870
40433
-328974
318917
226475
-493952
349413
-138200
-288493
52800
-287271
-114050
386327
440458
-508323
156178
227389
200973
-228061
-439898
394945
523381
-151011
51609
-281232
-331512
156847
-211678
40638
-304791
-492297
449842
-159686
-497259
-409005
186087
338630
-509261
402942
-391824
-516207
-336320
125514
-198912
-261983
-135851
-446225
-156088
-358093
39988
269889
133214
109700
-265010
434780
-282042
217964
18579
-106254
326862
-92626
-424186
-92321
474537
-40998
311895
-260554
-379668
-257256
-436691
236251
516009
-106143
-331669
274875
234477
47510
-377282
-35131
-408118
96135
185949
-19556
-176150
-314102
105943
355652
115510
65799
-317396
221481
-108304
6426
-171436
478264
481734
-255453
154370
-295373
-186800
72409
5703
47303
384652
178542
-462156
-105430
415876
163188
54971
-418261
277918
167825
132389
348280
-393243
85537
-160596
135006
-182730
415027
507154
363464
181268
31249
-48039
137662
-364682
428667
328064
441639
-292723
-232091
319130
-219575
92239
-26686
30426
62548
-450030
378065
66643
-355424
-15456
-114151
316962
82024
-460409
-305204
434661
-310259
-114981
510587
-219486
313171
-175408
315267
444819
161881
376591
-79662
-48032
-251615
60871
-73555
336456
315616
68438
176153
-368247
-223497
-302515
-308747
111857
157750
202589
-166233
-93953
53180
288750
-280865
-394956
-232229
381973
56923
-7250
-431603
302474
-379150
330524
179935
289492
-235879
202592
33043
-516667
-448151
-133117
214082
309652
51926
396006
320220
39528
198653
335078
492243
42700
127970
7720
-435113
-472777
506476
44200
11267
110953
-484769
94187
309317
49791
-296458
71737
-126447
359973
-415166
418533
153234
-293617
369313
-450045
-488900
145461
235219
-472619
258331
-493880
487824
157554
-481368
-29524
-280016
443260
371368
404109
-296095
51769
-463764
379544
237068
-31987
144829
317099
-482271
-319840
352645
-350450
-55702
-198383
3017
490591
157136
-230550
354398
-386146
-102259
-520068
-169617
-419417
47562
-281440
499147
-116919
293369
-9686
489112
149790
433964
-300434
-51394
-432448
171843
291610
194451
-94514
-340997
60097
121789
341934
248871
166901
371152
-94603
-58797
-258266
368293
-21434
-472481
-13211
-433090
-35641
-455011
224607
351584
433350
-508125
-62592
264133
216115
183674
415092
200170
337666
498781
518119
375784
445025
-137570
-7110
388772
-486324
40801
-59352
-143847
6041
-53211
-49868
-199106
-55853
-235387
264653
145042
-266088
-61143
391865
191707
348881
-176254
131749
140586
-169992
-330707
308653
-202656
-190439
512817
-197074
-282471
157484
362579
-51574
78831
159449
-340122
-152842
202685
139908
-11094
62025
114255
-438713
-446972
109987
-78384
69818
184439
513173
283192
255200
-279580
-130751
447297
-437194
375804
501893
-138991
354530
427385
327458
-472711
196306
-451817
-344789
-309131
448998
171853
353473
95377
501759
-486616
-6939
171546
-294063
-155189
401772
-223756
252648
65108
-340403
500948
-267456
-97325
5201
446517
-118243
-173386
452927
-145649
292371
257956
73342
295196
524069
-145898
-197374
-196223
256942
-75518
106760
-265966
421649
-249971
440043
373710
425511
-417117
-24116
-28500
-475364
209703
-183587
-267031
480633
146802
-181774
316210
485933
419108
-487875
-444721
-210371
405563
267266
-174655
-413358
-9098
390432
242008
45359
-515509
-239575
-118258
-383751
-83459
177954
263554
-274273
251672
-309192
35254
-54031
-105534
87289
226959
-416748
-517659
-501224
-244425
-251864
-394545
114275
-357959
168227
40020
-191790
-87111
-369406
140492
-48999
31307
-362151
-82268
-499142
215256
483057
-149665
51507
122871
25865
-410184
-116309
54465
101078
-46198
-84198
-39460
-75787
-179944
-303563
179560
55024
-145299
424221
-258706
73839
239118
-142029
321311
-210622
315353
-89510
268669
-259934
472195
90458
182108
-129583
-112454
342812
-215716
-368522
496312
-166954
-263663
476210
50693
-119500
-520016
27481
387331
78427
475167
-112355
-164198
506138
76310
-306395
-401894
-28500
286567
387442
-313296
-334944
351862
233924
-322047
232938
-497948
-155644
-248424
-419530
-50444
522109
211607
486687
-146289
105555
-95148
407101
23560
-175097
-229587
126028
234573
373270
-383356
-7586
-40364
294016
406488
-216983
-108766
258895
28921
159746
-500868
-24490
78543
-102641
477084
-353132
480972
-248421
325190
-227812
-441735
-329291
-257965
244226
-16859
-342775
-191336
291481
-480780
226878
112044
-329882
346212
-202810
-31719
-166661
-412597
411015
459725
108195
6834
-284818
-516295
-289337
-305637
-121337
130599
-465651
292646
283573
-134498
239286
-362935
66414
38734
-115359
159465
499923
301955
101763
-54754
-120476
-93236
-439061
147316
-26145
-266936
49083
-20872
2373
240651
125753
460440
126935
-282657
-519061
-515635
-271753
123134
-366712
-295990
223614
-336934
-237201
36956
3452
-177511
213180
-313486
-459984
143614
-137095
-361329
-194658
294882
-464710
15257
-224804
259685
-416737
-112824
10427
-37537
481198
512853
-111979
-474657
67856
174374
-434650
-174198
373922
36594
-262782
-76173
-495992
-231645
193542
-218480
397248
352524
-96523
-116871
65435
457070
110933
-49560
-215177
-153196
-251125
140612
495110
-322246
-241487
148135
-135089
-242204
319828
401405
-171772
-175105
353726
21837
193412
-489547
4599
-155574
-190058
141909
393885
-362819
-11728
-51875
-264058
335390
353299
-336645
-242266
123694
218336
363932
132747
-306654
41637
483448
413343
5240
-100088
276676
-108020
454367
-35231
-171044
403195
-468080
282679
-463188
158432
-210638
-113757
162494
-125341
-516482
296965
-308984
447252
-263639
419320
253196
-439459
-4651
45645
155830
-464407
403973
47979
329091
-187144
-50812
-36682
128178
90399
40897
-393791
155120
303349
-334627
379734
-81401
142391
-419188
-79223
-386677
304618
456063
-493953
3226
380586
-60805
59720
503487
-330014
-220730
-510710
47783
62756
-386221
220620
251131
-173792
428760
-403967
497430
-43053
-521178
468396
257076
-193343
-247401
-39552
-504327
-12685
271573
-37146
-440528
33085
8007
235588
101301
189720
-59003
-177532
-497608
-92622
6139
-132295
188289
-390925
423922
-431205
-120581
165840
17367
-486015
482839
-49747
455562
-234690
-436500
-288978
-196563
72323
310035
344301
-102760
-339262
-215887
518293
147184
-223163
114521
380362
35181
-89965
-274611
71193
-363740
-4970
299131
333699
-113971
-394365
-109221
-202297
499489
-396203
150513
-410942
-205443
-503340
-447795
154746
89662
103426
-509926
228516
106536
299322
-1966
441564
317392
-187261
-271627
363565
-363088
-252403
-340862
-322907
-130232
-179171
-85643
517022
295795
509206
401232
-50533
334623
-98567
478340
-84145
378045
-273481
-513209
-24261
-76772
-379922
-181778
-433003
513120
169524
302414
-35389
417205
-114588
-274526
14838
378142
15475
229762
192306
438450
-293531
-321354
-126930
502743
-19501
-45509
-506745
388283
-209340
-352351
-56285
215707
-142587
-188120
133157
-342425
-428396
-12716
108871
403089
-246497
-48675
-204793
63383
-19070
289779
405433
71205
256102
-178151
-344663
11059
259791
-325525
-508283
389056
145019
258498
277890
-106312
258821
-182426
-239756
-478761
242075
293633
41225
-7240
-247975
-300019
-201313
-216316
31750
253349
243646
509334
-242954
233885
284504
-99613
477528
-110846
50072
206486
-169943
-395488
-161939
138298
-332585
428908
95508
-482696
-160667
425382
516664
93213
184942
-235980
-127472
-150630
-110453
458672
157636
-382806
-268192
277070
-170377
20605
-328793
316310
-184364
492517
-207016
423434
-390472
50632
-143061
-397676
274016
-398716
129014
-511185
355558
243724
-181593
-75900
47935
-21329
156354
-358486
-53311
-420479
176678
-134228
248345
-7174
-210915
435265
-178782
-173729
469401
-342737
11928
417748
-263035
294431
393060
-111261
-161022
195452
-304448
199484
-159481
317564
489969
-328260
-193645
169977
-130390
512545
281711
142034
-477430
98663
72863
341952
240496
376799
-387831
-300668
394971
-345802
-368844
28387
-62416
-510744
-469044
476491
-407412
-260758
-14288
-470994
297076
313979
-336362
-385241
-442277
514143
168936
277601
-250490
-54632
-321649
-411892
412652
-59422
-284767
-102507
202824
-64230
-438038
-393975
249102
-404702
25285
151347
259571
-251215
442954
-262970
322614
471496
-428504
222305
446504
194652
357989
-185253
144480
-260852
501501
-39762
-290639
179895
331554
490995
179933
30090
439583
-22570
155402
-91818
89964
476682
-99566
-245051
-262750
73786
-435353
-313567
458441
-232520
-202625
151205
354585
318206
294784
332470
277723
212158
291389
-90864
-48619
306802
124667
35571
232470
-174108
-248815
-40316
236678
-253964
-196096
-155720
142721
-171637
-136589
-91941
393608
-237005
152858
131001
-368561
-297626
-431487
76924
394907
-52242
2621
336631
126661
-317049
67847
15966
445763
-207566
-415741
355130
-446058
307066
412064
369695
-52144
279761
402036
-214754
-325778
-450896
210792
-344282
-116163
291341
-487696
-276051
-312960
75623
214688
15750
-174863
155452
-372360
-236542
170470
4437
-8644
-411988
57712
365513
-248362
-265420
124407
395193
-240187
137780
181876
437499
395066
274212
451311
176975
475634
6891
-451442
-11021
455946
177180
20547
-113222
200701
-382169
470398
419734
-415281
247595
216070
-69642
167105
192055
-26372
192254
-167100
1902
432628
-30128
22389
237687
-121446
459576
-515285
-277004
183866
327877
-293007
45683
314534
-195331
117193
-214700
-953
57475
202588
-402008
-142459
259504
-423610
79594
-275942
-196661
-315871
248338
85538
-23737
244017
507815
76638
473853
165513
-344719
312647
3973
253102
290870
-91248
-136926
406572
214962
297119
468106
370373
-52963
185004
-499461
-224817
-130073
204087
127525
284315
473042
196312
33617
-218514
-338294
-278000
-137133
300060
325481
-90211
-448775
344679
-59410
278834
447601
-390867
-439745
-150975
-174790
224573
53181
413405
285035
-109759
168199
-104844
-458921
-392204
-316875
196963
298526
-141410
136531
-331840
-163483
498618
510731
-46231
-489593
-200181
408691
191332
157349
-231376
171237
-386702
-161417
-298935
222471
-291424
-322376
-367896
154124
467556
-160922
419688
152716
-387531
-318239
148675
281515
-298232
-223470
257562
402892
318388
446075
277254
497627
-187328
383236
101532
-299021
73444
178331
-124655
330105
-291418
127338
-282206
-209342
274135
23639
204229
23616
-242082
-63693
-445894
-24963
503541
125973
-60497
-272152
359864
-375722
-21957
152831
-20112
-146784
84689
-27724
-472184
-287860
-341270
385074
-34567
-495626
260485
-509340
-371011
246703
-523601
321804
-474579
-335194
442027
460410
111639
458561
-509236
239060
-229398
324068
-42777
236243
269736
-293426
357859
-189820
-172069
-454603
164888
501123
-393789
-478276
-239760
-56945
391703
380182
70926
425398
-28017
-142069
373646
271836
119314
511890
22887
-248110
-227716
-289742
-226554
423442
-372757
62706
-488917
-524285
-334565
-330030
-435447
79991
26230
-504135
42426
-111818
425936
171799
-389977
-134196
32310
257021
296492
-163886
-304996
93326
194714
284991
-74046
-481667
349706
-337479
-122990
-486321
406580
55777
277649
-458892
-399340
-479629
-315151
-77166
-170549
-301607
-423184
-111772
-244813
60316
373883
-443445
-171564
411069
318816
395323
147637
381316
380459
-138664
-349290
-437137
1885
-430985
461934
269835
-301978
173035
486460
-43716
405675
460632
63376
-523392
186100
-241910
-291281
-359402
-362928
205430
-417225
-212160
506268
-211471
294400
142629
-477737
470314
-160167
504342
-401231
-327863
-514969
-86628
-367703
95831
144012
521752
-61240
120638
62037
-39874
-209772
267300
190689
-21345
10674
288736
321235
-502490
-167523
324402
100469
283653
-207829
193957
-238907
14710
4470
-336397
439163
-64111
-167009
-137064
440106
204138
513894
308359
215605
-267062
-154906
-256473
-177811
-39302
-443900
-147379
-476808
-282527
338243
393504
-247362
-189926
119295
338192
12963
-211563
-143240
-374949
54973
-108563
-180189
-131546
154207
-138196
-354859
-25904
-221288
-348186
-285462
24159
381666
-393198
418831
-339896
104328
346126
426413
-91083
-342821
-417218
242462
-395776
30995
-376526
-345197
-61209
76104
-439932
171098
492301
-258924
328482
-207024
-412012
206781
-132416
491690
-231943
-350194
292743
422317
-157735
58256
380660
410529
-405459
-460457
182239
-105022
-52331
164581
-384037
-123292
145003
-219058
-504938
-12641
413496
70707
444057
-144554
-399596
-490110
192357
-158769
-113838
-478103
364270
-256163
-443857
193977
-462246
-270570
-56207
498317
-267328
307576
121834
250336
85066
-87927
-336312
-51859
193677
-199395
-463006
244374
-144097
-410515
-469980
-178063
423140
-373714
-150352
6520
-184618
349649
261838
454592
-69105
-33947
-112298
423979
-507670
321200
430550
-213751
-518053
437229
-225724
-106178
-100440
30260
-333196
-390839
-240441
179753
355302
-147222
-432503
43363
-376922
-83163
434283
-265206
-12743
504765
508453
-506850
-291057
459971
-141185
288377
-202243
165079
95603
-126637
38226
357352
-312780
-84176
247712
444861
-116781
-130957
192838
-513725
18503
-521029
145289
-270697
-160681
-238164
105230
-55031
365195
-382423
5358
174930
-169476
452214
-208153
-124419
510895
380916
253869
254982
337953
-99579
122989
343220
-106088
357195
-485445
-329106
-240203
-490947
353754
70832
296307
145847
111341
321521
-321385
121784
471536
155643
263455
131020
413044
14166
-293154
8836
-301713
193693
-92819
190398
35532
146553
157557
-264980
-432126
-11868
263935
179625
-226313
-181129
182314
-316516
-316441
-312677
238702
-299807
462256
-521095
-131922
436668
-490552
290354
358919
377334
-215692
176635
316483
-298718
-230559
-8986
-166434
279558
-153419
166193
-99798
-340790
-43837
30237
-450292
246862
412205
264110
-320483
491706
63269
-159398
-362553
-154925
230705
-57067
114713
52976
307163
-186082
-39386
-263512
201283
398522
-97422
201335
472749
278399
-173741
443825
118915
-499850
288003
87087
120082
491989
-238984
-478882
-341265
393832
423196
3191
-509162
-403287
-77103
507689
235088
-221590
-370291
-388734
-457478
-205954
-427435
-310108
-184781
491612
-383827
-76236
-172098
-139318
16622
2215
-108475
85996
-225678
-395222
-366717
450182
217159
3490
361310
213236
410576
-342218
189102
353229
220250
343165
-513923
290820
228653
333582
-329069
-48
304662
439084
-204443
-204512
197013
-470451
-83882
36174
216224
104105
-414396
106869
458580
434778
278046
4452
425169
-59471
-195388
-231351
-149143
-312909
399321
461898
-230207
-37546
-489478
255519
511664
405931
-319760
445403
-318176
-31231
133662
173258
-338491
-407644
-301671
135980
-399792
64154
158998
515144
368522
-128069
-23532
203747
231700
9134
-72981
-174643
-207870
-94556
58028
247471
-513118
-16735
374905
-437351
12082
-246368
13559
182204
251089
-212965
503171
430271
77590
-165169
-11554
217464
-117548
426210
-432339
-309483
-49366
-174951
233795
-216989
506751
-497643
144926
-209536
447297
452301
-38800
-145345
436330
177377
12071
452941
5585
-402233
452140
70140
17803
93088
349997
-326494
-13724
-301977
156135
-248712
521932
-192686
-468291
159448
-236903
252473
431861
214094
-108510
-367667
-271649
-200800
303930
276860
4033
-167975
231039
227730
287998
-445105
-18864
422108
-26526
172816
-48178
-5600
6216
-324662
-301368
497497
-158385
24762
380135
373244
-298786
95095
-95483
-474504
415368
-12255
330736
435300
139367
126982
316555
-2503
339910
430270
148754
398304
499294
152631
270704
-256355
214328
81266
-192647
-257238
90581
-35734
-17998
203318
170645
-418666
-79940
144142
217658
66705
223270
-237576
-340279
-272147
-29275
-27100
-89642
316187
212113
-448297
-198101
513265
277302
238414
496525
373030
-80044
-361540
70693
-385654
480483
290842
-338302
-422910
25752
267089
485050
-481395
454448
-181658
84493
56044
-66756
258034
-177277
326066
193411
364302
-427108
240773
-133093
99687
371245
-239553
-136247
121049
238897
178222
-400069
-425547
33727
139381
-449386
-508054
-41616
-107626
1314
-250644
422870
76325
481486
-296692
119034
345137
503735
-28894
328523
-449175
-432943
85713
-229571
-476222
327967
522939
8418
-288611
-47998
-271854
61167
471027
-331643
-360676
-30569
-322877
234116
348438
231990
-126659
-56495
-96056
499035
-299239
-288179
-95458
-343801
-305215
130649
-246621
-261361
-73267
-45694
183447
180050
364329
-133458
-358909
-39734
-224118
-264514
90651
280153
112373
75345
-418842
296515
411461
214103
-317036
-518021
18699
502132
510604
-89044
408552
-368396
-48112
-20601
41775
-322576
-358962
31523
188159
-238280
-428921
-485047
-48126
264827
-503899
89430
-438907
129343
-517650
-181636
-256517
466153
-520566
-41166
-233424
-402069
-428163
-218484
365746
212204
126868
-320601
246243
195426
-190493
470195
-202213
-246321
-465609
-124581
120263
281698
-94066
478727
-115606
453686
257217
287740
-48461
160773
211765
-104550
395443
-378404
400010
306447
-485329
-213153
461789
307533
254039
-44496
197143
-265059
86582
269992
309207
338737
60089
-358846
112982
149556
99135
-190985
-24902
191330
105694
-493202
-459216
-221154
459833
379465
410153
-371923
-11841
224671
-500169
145053
-69444
-17805
-514422
-312386
-292800
78413
-390365
523460
34047
490267
206158
-518294
-460618
505093
404449
180155
-295972
273210
-133834
387964
-83039
-144663
-198556
200576
-444681
-387048
-452033
-415963
184046
99662
299165
-333321
-204697
376647
491821
444203
470309
-422694
-307570
-27239
-122325
408529
-506269
-69796
-62729
-203110
296496
66725
-16924
129274
-494021
215942
-280028
98365
-58648
14114
42144
483649
223829
-455668
-12611
6899
-435417
-431276
116422
46836
-381418
-14625
-96580
-25397
385610
-395959
39616
-139339
215019
-175749
395151
-500376
25841
128046
85556
438976
430083
-454412
-385789
-51738
399364
-41924
230938
269706
252526
124933
-372014
-337487
181760
386880
237803
324422
117169
31901
-466091
-57258
-284149
-169142
-337106
9874
-377428
-45984
-72742
-347544
-193960
-408895
-220939
-392272
-213948
-371661
267788
418005
-338365
256627
308050
-411140
-506181
-193449
27631
-302152
-514584
-447613
326156
239526
-523495
141999
519138
331573
71052
377913
327449
53094
-388865
-287039
-428161
322302
429338
60895
-352113
-193335
372402
-117205
234692
-282449
-88357
314271
-248769
159491
-495901
189070
-286493
-473274
-94893
-431106
-39713
266145
225656
111882
-420513
291901
-218332
-343238
27936
204461
-352372
-297894
-522958
-450768
-501774
262807
-262014
-401216
-210264
-519409
174870
-461837
-8077
184739
377483
-103926
-399215
264603
-453491
278994
-152018
-344527
-320581
-235341
-260098
183604
-32178
-295684
289227
177550
266301
510983
504572
-153218
33863
368990
-422789
275571
212810
24667
432903
-415959
203540
-71368
440409
-129855
-289687
407982
-13605
326889
44603
-254677
-301837
16278
189780
-231669
-214169
-374604
-210406
-149756
121163
110260
-303974
-492240
-350282
35310
288308
182573
-22116
-307725
62510
-313812
313437
-360663
-248033
-382925
69791
-295172
-462012
-251289
331166
35940
-201473
-335291
-468007
133583
-252393
413528
108534
48576
1677
513093
131548
462574
-256610
43060
-171994
194263
-240861
-225824
-296573
-296614
492877
374674
-31987
-153298
-155326
-463897
115622
-507412
102154
-239939
-2303
-209326
306043
-178805
109261
347796
-330982
259021
146464
480610
-188002
38416
-507192
136015
-324473
-361321
-421046
-191893
121625
-495439
5640
28223
240160
-313223
-417437
118464
-70056
160001
66764
242919
-29994
-42028
302972
29658
47993
410820
-178508
-405449
-485198
511884
-395905
243908
335641
-122217
521672
14530
-476970
245823
257407
304895
-67228
226378
96842
-260344
-115636
117197
-204244
267762
-324991
130574
193086
-238069
446960
192797
-329841
-152051
91728
-254718
497982
354953
-400849
30537
187648
-143591
-411090
302613
21298
377567
-311168
468401
-178563
283419
437217
341641
-224848
491645
-337396
26021
449991
142995
232878
-330221
503710
19939
-293366
-262921
-263205
263887
246583
13440
387871
-490439
-97297
-78101
-324476
-143881
299953
-465117
420956
-234342
475525
-340799
58384
112311
148472
96725
-227830
-301584
-257768
330085
-232780
179796
82666
-298006
203136
140246
263967
481453
-125989
-434173
-88202
-131837
-1105
-47997
43557
-410029
297730
120066
380170
503190
-338013
112506
-319681
173560
469047
-196050
-59246
86550
-120104
31748
-122515
447048
-290514
380276
-69273
-336561
166351
-248002
-423337
29788
-294971
-67949
268233
-372887
72051
161267
32080
15932
425217
-319433
260691
-130283
220809
-389918
485263
260526
-171236
-461344
408954
-118282
139656
30545
243565
367478
-36560
-187892
319444
-479603
36620
178223
-277293
-121581
229453
490405
43527
-145331
-60127
-6987
18419
-431081
411434
-296092
182540
497530
-78695
492422
-68959
-287087
113243
201262
129978
-267928
-21971
-410354
-13036
-168127
-59539
266599
226470
150483
176003
-166293
-411222
468118
-139651
474850
-371597
-262315
304661
-442329
492297
-14197
175302
-39927
110313
145886
-419054
-396058
298179
25136
-330968
-94089
238500
241027
204015
-96211
133549
454031
457488
-403125
217605
356414
-102786
-152868
258105
220108
-276155
99310
-333663
513712
153344
9259
384963
199012
-5936
175045
419778
117132
44852
-409572
-346908
-29718
179712
503717
-387268
-418976
-130342
248327
-342653
-184319
141919
449880
-151100
298365
