451
102
250
573
478
-250
243
-38
-26
105
36
372
194
31
113
85
382
-52
80
-218
-653
167
221
-189
581
-372
11
-47
392
376
39
96
-227
-507
-89
40
314
307
-99
-77
-268
-363
-436
499
-130
-112
-320
199
-413
-54
-229
99
-130
-302
-7
109
17
77
-162
-92
-172
-92
-208
-441
45
-102
-417
118
-232
13
186
33
291
-316
102
-175
-222
-148
-79
14
-298
230
119
-393
380
485
301
-46
-274
269
-103
312
53
250
91
180
2
457
32
102
482
-345
-325
248
-300
497
-105
-191
492
379
478
231
-220
488
-68
205
242
-39
157
236
96
-281
76
339
-177
-38
-111
473
172
104
-197
138
-172
8
-162
173
147
-53
101
-279
-381
112
42
162
610
241
-233
285
-336
-118
-17
438
-190
-211
-25
-169
288
-276
-293
-112
-127
493
243
22
-313
216
-256
-395
304
81
235
81
219
-166
-264
174
-205
-176
-116
4
-90
-351
-164
-569
160
-410
-282
13
-189
395
-330
68
-10
-299
133
-43
197
210
553
342
-94
-61
281
167
163
-413
-6
-188
71
-25
233
81
201
-119
-241
-104
-4
97
578
-10
-244
-88
-118
123
-394
16
40
59
-152
-60
-364
-126
-138
106
-295
199
382
-529
109
173
-163
-101
-34
-76
-79
-429
294
276
-208
-375
133
-147
36
-81
177
177
-185
-354
-405
156
-304
-129
-152
-13
-495
48
134
22
-79
24
102
-709
500
99
-167
-100
126
-29
-519
528
-28
261
-177
393
73
155
-267
310
176
333
-160
-123
589
-271
-34
291
25
149
-102
94
-334
424
-30
-174
170
-117
-341
-344
177
-40
-34
275
-288
-187
-98
24
-10
-73
-15
-27
-184
-208
70
-228
-296
-79
-40
577
-180
241
191
-304
197
-303
-680
155
-449
115
-175
424
273
-116
-176
-310
-112
-71
-93
40
148
89
-195
-368
349
-176
-166
-133
-471
-122
-122
158
178
0
238
87
-4
41
-48
-101
-68
-288
71
-254
215
-63
12
126
164
-402
-52
225
-434
99
-577
-261
9
-424
-252
-376
421
42
145
-57
-90
-413
-74
-194
219
292
375
218
-153
-285
196
91
-452
91
208
15
-47
-206
-370
204
-79
-59
443
175
94
36
389
440
237
149
-536
31
-33
24
241
-701
-145
69
-119
-362
222
70
-248
80
210
1
204
20
-101
-296
-21
49
224
-29
117
-246
-200
-28
-269
209
118
71
86
517
-120
-563
51
-12
-132
-250
-112
46
-128
617
-245
-203
-585
64
-516
-138
-70
-181
445
254
337
-225
288
126
197
263
-232
-108
220
-679
387
141
-11
56
-263
-89
281
332
690
-18
-168
-131
-260
-19
97
-8
280
-59
-88
-148
-417
-401
-301
333
229
351
-341
-503
-168
45
127
268
72
446
-56
-233
-430
-227
61
-227
239
361
-606
221
-573
102
313
16
-327
-149
-66
-46
-51
-28
54
-309
-61
388
-98
-113
276
-655
302
-161
41
24
241
-68
-173
332
-605
5
-345
-194
514
-11
49
-456
-186
50
90
157
2
134
116
-468
9
196
151
-93
-206
-286
-33
290
-499
-168
-291
200
-141
-120
-55
114
-100
-779
139
112
-56
-277
90
97
-120
-55
-238
-45
-396
106
-241
60
-359
-151
-28
-425
29
-97
-446
-333
154
229
-33
103
57
84
329
-385
173
-97
-57
-77
-96
-313
46
427
-14
0
-175
-30
119
-94
-116
103
-235
64
210
348
-23
350
264
-255
-311
-78
263
-18
-153
397
73
-594
81
133
57
115
-17
-337
-94
-242
-238
-323
115
25
-114
-166
-5
276
-513
96
-139
-482
-498
-233
56
100
-240
260
364
101
-151
287
193
222
-168
-725
541
-412
-9
609
84
243
-384
-455
-136
279
-88
-203
50
276
-369
-309
-201
280
60
545
239
-8
323
54
-180
174
-178
-74
339
-25
-205
-118
261
-141
-99
-130
47
-98
-410
-227
-238
318
208
150
-129
-208
-129
-269
639
-574
144
-328
-26
-252
-301
-291
449
-34
-196
142
2
184
-467
77
197
-425
114
434
-3
210
171
-181
10
-401
-115
68
185
6
184
-282
-26
4
473
-54
-127
5
-235
49
-93
-458
-14
-81
-417
-17
381
133
156
-343
122
38
135
108
-348
-10
-194
-12
-229
335
-219
-230
19
-275
-108
-212
361
201
-14
-100
240
103
127
-6
-432
-28
-136
165
259
-168
119
444
-170
430
-218
5
-2
2
-214
-151
-170
83
84
569
350
-130
83
255
7
-17
13
222
-217
-83
120
79
61
-94
248
546
104
-49
193
-138
-191
8
-661
-295
-89
-346
-264
-111
-420
-103
-137
6
295
44
5
25
58
-260
-29
79
-350
221
276
-161
-61
-224
179
-271
-56
-219
13
-459
339
-246
15
-54
-195
-227
239
-134
69
-205
-165
120
238
-44
-364
511
-219
-394
664
-103
-374
-174
94
48
-218
466
-133
-303
245
340
-209
-358
263
-524
-314
247
-14
-67
90
-39
-332
326
339
52
11
598
-70
-66
93
376
407
-66
78
-352
-79
-215
-257
430
-202
-136
93
332
123
706
-19
66
70
367
129
-29
-242
62
358
-105
135
63
221
-206
600
-327
-93
240
75
212
-127
-19
3
401
176
203
-168
248
57
355
515
-78
-104
-221
-36
-97
92
-37
-92
272
-240
110
-103
185
354
-77
112
45
-204
61
74
105
-50
24
-293
-91
142
228
-108
26
58
51
138
-465
-12
61
-256
428
41
400
-202
-232
57
-429
55
24
260
179
-106
-280
438
-202
-267
-277
286
-132
-192
35
-52
-173
193
272
252
196
103
-454
427
77
155
285
366
107
111
-153
8
-218
-184
-228
-39
268
811
48
-345
323
-77
-169
53
-317
56
-22
25
97
17
4
72
106
-264
-366
-15
-366
22
240
155
-268
-220
84
-102
-81
152
-252
-102
-204
-267
-219
173
13
-225
-59
-419
-187
550
-23
187
-16
89
169
-282
-7
404
-203
-145
-78
68
134
324
127
-15
322
180
-382
646
453
-43
96
339
-44
186
282
-259
-154
235
117
236
-33
-73
-511
-293
12
211
135
-32
-69
55
20
359
37
-379
-325
388
-299
195
-68
-43
-34
312
-49
-8
-391
52
135
61
357
