967
1410
643
-813
289
-662
-291
1185
-38
-431
-87
729
-15
-65
1160
658
1185
-255
-783
687
187
128
783
-97
268
427
847
889
1104
1227
-459
-248
743
971
25
-538
-457
-20
-127
1698
621
561
-810
1239
150
-854
450
1488
-196
-1443
-983
809
353
367
-433
-65
-38
256
-535
-346
-486
-755
-411
-754
450
356
179
-1854
798
603
-7
-22
-801
735
-772
-200
200
-838
508
1315
103
-1125
-265
1055
-793
-549
-150
1447
847
320
-548
877
-174
-223
608
-204
-39
469
-745
260
1041
664
1254
121
-1833
540
-683
-1022
603
66
-542
-1027
172
-111
387
504
-1201
114
20
1446
994
-327
-333
1443
432
-604
843
1100
-77
-1446
-1420
528
350
60
1729
1028
-339
-422
-719
-500
1184
1400
-318
152
-350
265
-282
-885
-423
-731
33
1007
135
-5
-650
57
-1832
-1233
1121
408
395
132
-524
238
-224
-778
-485
-396
-479
-663
-299
-1093
920
-1280
-1691
112
46
697
-1621
-423
113
-626
-674
-397
-507
161
1090
1298
-215
127
1382
-1383
-205
-775
196
-1
21
-198
949
1480
-1292
-664
795
1008
851
477
-34
770
-599
-435
-495
931
513
-210
268
521
-1050
144
341
236
-846
511
928
-1989
-1675
-659
501
82
-1165
203
403
-145
-658
-471
229
-749
-729
-128
542
-86
-1241
-1726
1
30
-1113
1178
-196
-226
-941
-520
-743
76
-744
-944
51
-765
732
-307
-602
29
-1580
45
533
1023
-66
106
114
126
-563
-121
210
34
-1211
68
1505
953
-204
214
853
-520
-32
-3
-1833
1223
190
-587
692
210
-225
-335
36
652
-591
-175
-715
-526
-1281
-1293
437
-769
-1153
-272
229
-38
69
-225
-157
15
-86
603
676
194
518
-793
-1345
-236
-534
-32
-155
1096
-643
-1680
-703
886
-564
416
670
183
1171
-199
1133
719
728
-26
-1794
-528
-406
-641
185
-240
725
507
-82
-371
-916
-888
499
203
-590
-65
1359
-567
142
348
462
-190
-99
-202
-2007
-890
281
15
-777
-747
-304
151
602
-542
154
-2168
-899
612
141
424
1472
1292
-1756
-910
-54
-433
-1372
-374
55
24
51
77
264
-4
507
832
64
42
1201
309
894
1096
-1564
-1852
373
1239
1186
-612
215
294
-684
-86
-353
-934
-427
853
648
-232
569
-684
-240
-373
530
88
-821
-831
-1187
-234
620
39
1073
1419
-1080
41
-939
-1387
865
686
136
-1206
-2466
-153
-476
1589
356
-726
-1256
-507
-1534
-551
-601
-734
866
1764
-514
-1290
958
874
331
-78
361
-737
96
-590
-814
224
-416
-614
748
1545
373
-135
-641
-708
740
-154
-625
179
1133
-10
-297
-481
-300
-1004
-758
1035
-108
-1995
-966
458
-381
736
219
474
-605
-321
-2026
-1293
604
-671
1525
593
-1555
-484
-1397
630
322
7
-1222
-416
-554
-1351
-516
423
-96
-1459
-1082
-225
-115
-1201
837
673
577
-404
795
4
-370
-953
-392
756
-1215
-871
1432
1034
-416
-1064
-652
109
-82
600
41
242
55
-388
879
538
1004
690
-1181
-1173
-1032
-394
-287
89
-117
-1447
-13
799
-331
-1429
-341
-689
-154
-51
-565
-695
-373
-282
-181
-218
-1241
382
-1123
-335
-829
-1031
-1203
-848
83
-1070
-1248
317
-380
1420
475
-1841
645
-116
299
-78
200
31
-211
-738
-885
440
768
531
-817
-248
347
278
-1779
-114
239
18
698
1938
1516
1327
257
76
0
-671
263
123
-467
-2282
1387
185
-671
1554
-496
-1748
-1779
-1397
301
1110
226
-748
-241
-126
-563
-561
-12
285
-66
-1060
-1415
-2209
-16
120
-911
566
523
277
-645
246
533
-1327
574
89
454
1179
-264
-37
-520
-339
221
210
-310
-922
73
168
1076
-1016
-682
593
-255
974
3
-214
1370
-124
-1643
195
-92
232
649
-1283
683
1277
-668
-777
-305
-968
-1259
-691
-652
1180
479
-291
-440
-1373
-425
172
2141
-988
-680
-240
126
-100
-615
-1602
432
678
-661
647
1465
651
365
145
-141
769
-799
78
167
-335
-74
543
342
-30
1096
170
508
-15
668
612
98
-406
49
234
-411
-172
-753
-74
1015
718
15
-794
377
916
-1028
-1115
40
-368
-1510
-706
-758
172
70
1366
146
-1584
-346
-88
-638
-1024
275
778
-321
-254
1006
47
59
-561
-467
169
-930
-1307
591
-807
-185
802
635
-203
92
245
-713
-318
284
537
662
1017
102
-115
252
-9
316
16
-877
653
482
-605
-295
194
454
-85
419
961
333
-936
590
-474
-882
406
248
-557
-565
177
-638
813
615
56
-427
1429
738
-641
1964
-555
-1870
-377
-203
539
-101
658
-411
-1288
1332
1413
-434
-653
901
-658
213
1369
229
-718
105
560
1291
-866
-294
850
299
-1151
-196
1782
143
-1447
352
-116
-269
531
102
1438
-366
504
1138
744
532
732
-1042
-1928
398
-473
-762
-244
-593
325
-546
976
1084
-242
622
522
-943
995
372
622
118
-515
116
237
33
-653
-1134
833
215
-405
397
-726
-791
1325
474
1131
505
727
-233
-29
-912
-472
1050
-567
115
-268
503
-874
-22
199
-39
44
-694
-242
678
1250
504
727
475
241
394
-258
1501
1260
98
838
628
-260
-403
-1222
36
-388
-496
780
485
-573
932
155
-1437
-310
961
36
-659
442
-167
-410
695
1115
-247
-622
-749
-1560
660
-228
-328
380
-468
-143
-518
198
-328
-679
-281
-1086
-155
226
-1891
-131
317
-1421
-268
-579
1171
375
-147
341
-180
-493
405
703
89
-512
661
-572
1216
1575
755
75
620
1034
838
46
1250
-203
-326
-12
174
863
-1254
544
221
-23
1687
-1018
-1231
-777
-212
653
-299
-84
1102
-280
-779
-117
251
-840
-26
-86
68
-313
-196
-1193
858
923
-801
-1312
41
-966
-558
401
