251199
364339
164819
-208421
77161
-167136
-74545
306506
-5359
-108271
-21617
187923
-436
-13866
296865
167479
305744
-62808
-201438
176884
52257
35273
199766
-23767
71848
112431
218185
228108
286826
317411
-118185
-63749
193885
252532
6597
-137949
-115026
-5009
-31485
435870
160550
143817
-207122
319597
41880
-217165
115172
380299
-48618
-366545
-251077
207619
94175
96922
-110853
-16044
-6681
67915
-136223
-87736
-119407
-188322
-105900
-194818
114141
91620
45456
-473859
203681
154917
-1888
-7414
-206224
187991
-198056
-51074
50665
-214918
129396
338289
27456
-287654
-66458
268890
-202208
-140489
-37833
370735
216707
81628
-141069
224681
-44479
-56701
154891
-53321
-10676
119731
-190044
65652
268193
173195
320483
30889
-469355
138690
-175285
-262238
153738
17733
-139504
-261452
45831
-28666
99558
129475
-306079
28497
4669
372056
255086
-83270
-84645
369861
111909
-155296
214826
281132
-15639
-368663
-363235
136298
92710
15347
442089
263727
-82729
-105609
-183341
-125894
307441
360053
-81420
39121
-86741
69532
-73929
-225627
-104326
-184988
8372
259132
38221
1330
-165727
13784
-466447
-313229
286837
105241
104295
34985
-134531
61918
-55254
-198187
-123973
-101300
-119347
-167681
-77362
-278370
237306
-324094
-432420
27421
14563
180835
-414958
-109461
30537
-158212
-172251
-99752
-127992
44466
279015
333226
-52252
33484
352793
-352860
-53309
-198569
49069
135
5415
-50039
243937
379653
-331532
-170446
202682
258162
216147
122421
-8586
195796
-152456
-110428
-126135
237411
130550
-54103
68310
133536
-269245
36399
87196
60954
-215681
131338
236866
-508638
-427861
-169035
127557
21462
-297452
52372
102357
-34300
-167877
-121116
57649
-190490
-185909
-33351
138004
-20785
-314626
-441700
-722
8665
-284399
300213
-50015
-56705
-241402
-133522
-189332
19378
-189002
-239639
13185
-197109
191286
-76616
-154178
7508
-401874
14681
137233
263707
-13642
30211
29217
32190
-140355
-30297
53630
10014
-308721
19775
384840
243765
-50254
56482
216310
-130866
-3924
921
-469725
313056
51350
-147744
177507
53700
-55518
-82182
8440
165594
-148414
-43668
-182892
-132214
-325014
-329308
110398
-197572
-293891
-69816
59175
-8052
20502
-56054
-40795
3301
-20887
153964
173330
51676
136762
-199755
-345450
-62572
-134656
-7386
-39554
280815
-164455
-431262
-180545
227057
-144857
106010
170143
47584
300150
-51697
289792
184894
186783
-6330
-459627
-136587
-103410
-163921
47395
-60865
186606
131600
-19246
-94548
-234485
-227435
127442
50884
-152215
-16422
347479
-144232
37580
87826
117261
-46873
-24148
-51563
-513405
-228384
73469
4810
-198218
-189139
-76783
41827
151675
-140424
39964
-554203
-229575
156999
36545
111773
377618
329573
-447579
-234688
-14163
-109733
-352008
-95081
15137
6996
14900
21998
66942
290
133726
216805
16161
10984
311104
79914
229869
281387
-398338
-472947
93968
318764
307645
-153472
55312
75797
-172903
-19341
-90569
-238127
-107746
221461
165093
-59205
148441
-172265
-60254
-96525
138547
24911
-210755
-211775
-299974
-57306
158307
8281
277251
364590
-275566
13156
-237327
-355672
220306
178745
36656
-305268
-629234
-38383
-117896
408326
90203
-186780
-319000
-127968
-391829
-142785
-152972
-186186
221293
451971
-130894
-329899
245781
224231
85563
-20532
91568
-190075
23088
-151222
-209030
59811
-105222
-156613
191012
394360
94016
-33783
-164204
-182632
190659
-39511
-160212
47352
289964
-1450
-76166
-124605
-77078
-257789
-195019
264313
-25368
-512412
-247292
116868
-96271
188985
55301
121243
-154144
-84143
-519841
-329481
156214
-169027
389059
150541
-396602
-124800
-356781
159088
83507
2348
-313157
-104579
-141436
-343784
-132193
108030
-25279
-372982
-277516
-60162
-26801
-304331
214478
171494
148097
-100666
202656
2719
-90319
-241320
-99193
192338
-309451
-222877
366375
265994
-104275
-270094
-167100
26938
-18425
155645
10631
64372
16242
-98285
224809
138506
261002
179512
-302170
-300409
-261439
-100231
-72968
24182
-28669
-370133
-2274
205378
-82470
-365060
-87868
-174046
-37086
-12926
-144980
-175549
-92811
-70727
-47110
-55833
-315140
99944
-286583
-85449
-210707
-263831
-307644
-215681
23978
-269219
-318505
79431
-97600
363213
121350
-471699
165237
-29355
77759
-20789
49977
7085
-55325
-189704
-226753
112007
197898
136825
-209597
-64305
89164
72322
-456172
-30398
61492
6153
178912
497205
388894
338565
64509
19322
-18
-173411
67728
34070
-118480
-585693
355052
49414
-170573
397392
-127107
-446812
-455085
-359438
77496
283945
58207
-190374
-62244
-32364
-144084
-141515
-2886
71130
-17394
-268105
-362402
-563670
-3514
29490
-233087
144098
134282
72136
-161356
64939
136651
-340034
149404
24909
115939
302024
-63602
-5973
-132060
-85472
59616
55261
-80244
-235604
22219
45533
276708
-260405
-170718
155626
-64223
250371
5284
-51021
351438
-31171
-418914
53413
-23989
58555
168172
-326972
175689
327609
-168598
-195746
-78413
-247173
-320099
-175305
-166270
303074
125705
-72896
-112960
-351695
-107289
44512
547955
-249275
-170835
-58008
32283
-24437
-155808
-407126
110934
174054
-165067
167253
373245
165876
92316
38367
-36542
195849
-205408
19711
42759
-86182
-20890
138161
86086
-8013
280806
43649
131093
-2353
170798
156677
23456
-103418
13006
58807
-105861
-45410
-194947
-20654
258544
183480
4413
-204420
95581
235307
-262501
-282261
9223
-96659
-386067
-181367
-194670
42823
19216
350712
37500
-405682
-87879
-22270
-163398
-259849
70849
200948
-82312
-67211
257962
11345
15159
-144400
-119744
41910
-237654
-335122
150786
-205708
-47401
206083
166826
-49032
24140
64133
-180183
-76857
74070
139344
172345
262483
26781
-28853
67265
-663
81318
5706
-220604
169315
123520
-153691
-71404
54194
116880
-22513
111336
250670
85315
-239124
156332
-118551
-223918
105234
65602
-140967
-143608
46122
-160781
208885
157941
16244
-107315
367638
188483
-162999
503703
-140813
-477773
-95434
-50321
139032
-24053
171354
-102384
-326820
340763
362779
-106979
-162029
230132
-169721
58080
353462
57230
-181326
24732
143063
329908
-223170
-75524
216547
74992
-294700
-49031
455441
36983
-371306
89151
-28519
-67673
136313
25026
369143
-93977
129016
290684
190124
135494
186101
-267224
-495190
100481
-121601
-195866
-64670
-153634
83224
-139331
249765
278224
-62944
159821
134997
-239992
252826
94814
160013
30778
-132147
31665
61382
7916
-165433
-289424
215649
54482
-104951
100286
-183740
-201255
335670
122633
287164
129351
186591
-58683
-9656
-234121
-120260
273069
-142250
29088
-69501
129471
-220639
-5796
50378
-6524
14195
-177270
-60913
175210
321946
129549
186738
123993
64282
99062
-66549
388409
324914
25938
213726
162877
-62821
-103654
-311245
12367
-96549
-126356
200097
128240
-143202
237717
40645
-364922
-78016
245016
8363
-165205
114845
-43153
-104331
180102
287124
-62946
-157744
-189602
-397007
168438
-59219
-80128
100964
-120593
-38467
-130361
51992
-83573
-174305
-70440
-276828
-40060
59340
-484466
-33188
79890
-362956
-67795
-149385
299428
96606
-36669
87117
-46477
-125278
104097
180764
23102
-129486
169750
-146266
312004
403703
193475
18632
158151
266000
214776
11320
322174
-49790
-83756
-3869
43266
220489
-321217
138945
56907
-7173
431956
-259614
-314854
-198152
-53057
168349
-75914
-20397
283000
-70643
-198633
-29526
64921
-214755
-7116
-20703
17987
-81188
-51068
-303779
219379
236336
-203112
-331664
11080
-246466
-142080
102071
