251199
364339
164819
0
77161
0
0
306506
0
0
0
187923
0
0
296865
167479
305744
0
0
176884
52257
35273
199766
0
71848
112431
218185
228108
286826
317411
0
0
193885
252532
6597
0
0
0
0
435870
160550
143817
0
319597
41880
0
115172
380299
0
0
0
207619
94175
96922
0
0
0
67915
0
0
0
0
0
0
114141
91620
45456
0
203681
154917
0
0
0
187991
0
0
50665
0
129396
338289
27456
0
0
268890
0
0
0
370735
216707
81628
0
224681
0
0
154891
0
0
119731
0
65652
268193
173195
320483
30889
0
138690
0
0
153738
17733
0
0
45831
0
99558
129475
0
28497
4669
372056
255086
0
0
369861
111909
0
214826
281132
0
0
0
136298
92710
15347
442089
263727
0
0
0
0
307441
360053
0
39121
0
69532
0
0
0
0
8372
259132
38221
1330
0
13784
0
0
286837
105241
104295
34985
0
61918
0
0
0
0
0
0
0
0
237306
0
0
27421
14563
180835
0
0
30537
0
0
0
0
44466
279015
333226
0
33484
352793
0
0
0
49069
135
5415
0
243937
379653
0
0
202682
258162
216147
122421
0
195796
0
0
0
237411
130550
0
68310
133536
0
36399
87196
60954
0
131338
236866
0
0
0
127557
21462
0
52372
102357
0
0
0
57649
0
0
0
138004
0
0
0
0
8665
0
300213
0
0
0
0
0
19378
0
0
13185
0
191286
0
0
7508
0
14681
137233
263707
0
30211
29217
32190
0
0
53630
10014
0
19775
384840
243765
0
56482
216310
0
0
921
0
313056
51350
0
177507
53700
0
0
8440
165594
0
0
0
0
0
0
110398
0
0
0
59175
0
20502
0
0
3301
0
153964
173330
51676
136762
0
0
0
0
0
0
280815
0
0
0
227057
0
106010
170143
47584
300150
0
289792
184894
186783
0
0
0
0
0
47395
0
186606
131600
0
0
0
0
127442
50884
0
0
347479
0
37580
87826
117261
0
0
0
0
0
73469
4810
0
0
0
41827
151675
0
39964
0
0
156999
36545
111773
377618
329573
0
0
0
0
0
0
15137
6996
14900
21998
66942
290
133726
216805
16161
10984
311104
79914
229869
281387
0
0
93968
318764
307645
0
55312
75797
0
0
0
0
0
221461
165093
0
148441
0
0
0
138547
24911
0
0
0
0
158307
8281
277251
364590
0
13156
0
0
220306
178745
36656
0
0
0
0
408326
90203
0
0
0
0
0
0
0
221293
451971
0
0
245781
224231
85563
0
91568
0
23088
0
0
59811
0
0
191012
394360
94016
0
0
0
190659
0
0
47352
289964
0
0
0
0
0
0
264313
0
0
0
116868
0
188985
55301
121243
0
0
0
0
156214
0
389059
150541
0
0
0
159088
83507
2348
0
0
0
0
0
108030
0
0
0
0
0
0
214478
171494
148097
0
202656
2719
0
0
0
192338
0
0
366375
265994
0
0
0
26938
0
155645
10631
64372
16242
0
224809
138506
261002
179512
0
0
0
0
0
24182
0
0
0
205378
0
0
0
0
0
0
0
0
0
0
0
0
0
99944
0
0
0
0
0
0
23978
0
0
79431
0
363213
121350
0
165237
0
77759
0
49977
7085
0
0
0
112007
197898
136825
0
0
89164
72322
0
0
61492
6153
178912
497205
388894
338565
64509
19322
0
0
67728
34070
0
0
355052
49414
0
397392
0
0
0
0
77496
283945
58207
0
0
0
0
0
0
71130
0
0
0
0
0
29490
0
144098
134282
72136
0
64939
136651
0
149404
24909
115939
302024
0
0
0
0
59616
55261
0
0
22219
45533
276708
0
0
155626
0
250371
5284
0
351438
0
0
53413
0
58555
168172
0
175689
327609
0
0
0
0
0
0
0
303074
125705
0
0
0
0
44512
547955
0
0
0
32283
0
0
0
110934
174054
0
167253
373245
165876
92316
38367
0
195849
0
19711
42759
0
0
138161
86086
0
280806
43649
131093
0
170798
156677
23456
0
13006
58807
0
0
0
0
258544
183480
4413
0
95581
235307
0
0
9223
0
0
0
0
42823
19216
350712
37500
0
0
0
0
0
70849
200948
0
0
257962
11345
15159
0
0
41910
0
0
150786
0
0
206083
166826
0
24140
64133
0
0
74070
139344
172345
262483
26781
0
67265
0
81318
5706
0
169315
123520
0
0
54194
116880
0
111336
250670
85315
0
156332
0
0
105234
65602
0
0
46122
0
208885
157941
16244
0
367638
188483
0
503703
0
0
0
0
139032
0
171354
0
0
340763
362779
0
0
230132
0
58080
353462
57230
0
24732
143063
329908
0
0
216547
74992
0
0
455441
36983
0
89151
0
0
136313
25026
369143
0
129016
290684
190124
135494
186101
0
0
100481
0
0
0
0
83224
0
249765
278224
0
159821
134997
0
252826
94814
160013
30778
0
31665
61382
7916
0
0
215649
54482
0
100286
0
0
335670
122633
287164
129351
186591
0
0
0
0
273069
0
29088
0
129471
0
0
50378
0
14195
0
0
175210
321946
129549
186738
123993
64282
99062
0
388409
324914
25938
213726
162877
0
0
0
12367
0
0
200097
128240
0
237717
40645
0
0
245016
8363
0
114845
0
0
180102
287124
0
0
0
0
168438
0
0
100964
0
0
0
51992
0
0
0
0
0
59340
0
0
79890
0
0
0
299428
96606
0
87117
0
0
104097
180764
23102
0
169750
0
312004
403703
193475
18632
158151
266000
214776
11320
322174
0
0
0
43266
220489
0
138945
56907
0
431956
0
0
0
0
168349
0
0
283000
0
0
0
64921
0
0
0
17987
0
0
0
219379
236336
0
0
11080
0
0
102071
