3.845975
5.571089
2.513964
-3.181827
1.183788
-2.551240
-1.136839
4.684805
-0.084067
-1.659549
-0.323431
2.879488
0.003958
-0.203354
4.541662
2.566704
4.681164
-0.951691
-3.067102
2.703977
0.800145
0.539644
3.047157
-0.358035
1.109589
1.725208
3.341567
3.491768
4.406613
4.865295
-1.799186
-0.952469
2.969615
3.859694
0.100842
-2.111642
-1.762834
-0.079602
-0.489075
6.667532
2.464035
2.206778
-3.162332
4.886164
0.644519
-3.325079
1.765042
5.804350
-0.751778
-5.606977
-3.844897
3.180876
1.440853
1.480803
-1.700884
-0.263328
-0.104842
1.044147
-2.079848
-1.353636
-1.834226
-2.883349
-1.631111
-2.988571
1.749909
1.401060
0.687120
-7.246962
3.122029
2.369896
-0.038918
-0.108732
-3.159102
2.874747
-3.031559
-0.785626
0.771441
-3.292031
1.976251
5.171695
0.417003
-4.401404
-1.015054
4.111970
-3.099262
-2.153804
-0.575093
5.666255
3.314577
1.256747
-2.149787
3.428275
-0.677596
-0.858265
2.360409
-0.807657
-0.156471
1.827840
-2.908519
1.008520
4.097809
2.641820
4.879172
0.470053
-7.181400
2.117790
-2.689256
-4.016822
2.349210
0.270810
-2.140191
-4.005044
0.706565
-0.437381
1.523439
1.979534
-4.684326
0.442130
0.074000
5.686280
3.899726
-1.275311
-1.287121
5.659585
1.719543
-2.373928
3.280571
4.299152
-0.246219
-5.652779
-5.559995
2.088054
1.423792
0.236949
6.759604
4.047926
-1.264368
-1.624782
-2.804612
-1.918782
4.702171
5.507525
-1.242760
0.594355
-1.332786
1.050589
-1.137668
-3.443400
-1.595283
-2.827592
0.131059
3.949211
0.576027
0.023641
-2.547899
0.190335
-7.141449
-4.788155
4.383075
1.618303
1.596202
0.535843
-2.055855
0.944865
-0.852500
-3.033592
-1.902144
-1.549024
-1.822736
-2.564949
-1.187417
-4.248215
3.621506
-4.963146
-6.619022
0.423916
0.228272
2.765981
-6.344802
-1.675526
0.468710
-2.417993
-2.642327
-1.540462
-1.952889
0.687629
4.264543
5.106664
-0.795206
0.517966
5.395548
-5.395165
-0.814174
-3.041290
0.754235
0.005110
0.080131
-0.765431
3.735155
5.803068
-5.078875
-2.613290
3.102344
3.951072
3.304898
1.868439
-0.134589
2.997806
-2.337890
-1.690904
-1.919830
3.636468
1.996228
-0.831855
1.042052
2.040398
-4.110498
0.564054
1.330617
0.931773
-3.303873
2.014366
3.622848
-7.777778
-6.549818
-2.595893
1.950489
0.320087
-4.546529
0.814270
1.559378
-0.529410
-2.566536
-1.854891
0.871005
-2.917645
-2.851113
-0.521275
2.107657
-0.317317
-4.819747
-6.755860
-0.011116
0.120051
-4.349939
4.589078
-0.765927
-0.868347
-3.690701
-2.038557
-2.893012
0.292182
-2.896418
-3.661908
0.205987
-3.012539
2.940426
-1.176352
-2.366891
0.110885
-6.152730
0.211475
2.100343
4.035462
-0.206014
0.457694
0.446919
0.499434
-2.140575
-0.469342
0.820260
0.147405
-4.727084
0.297877
5.884347
3.746907
-0.770916
0.862297
3.311345
-2.003727
-0.056489
0.017328
-7.185789
4.784593
0.787723
-2.254087
2.718857
0.815368
-0.846070
-1.254188
0.125367
2.533093
-2.262135
-0.663215
-2.801207
-2.026756
-4.981416
-5.034967
1.687858
-3.032776
-4.501510
-1.061620
0.916530
-0.111989
0.317182
-0.859928
-0.630767
0.036026
-0.326492
2.342308
2.651546
0.798154
2.092308
-3.048865
-5.280338
-0.963357
-2.044083
-0.114117
-0.607566
4.290498
-2.520442
-6.601720
-2.772709
3.468189
-2.216616
1.622736
2.614359
0.738243
4.603234
-0.778884
4.430610
2.835267
2.863836
-0.100806
-7.035787
-2.092656
-1.589992
-2.499708
0.729099
-0.924324
2.860242
2.012075
-0.305848
-1.448377
-3.589957
-3.476523
1.948610
0.783424
-2.323383
-0.241492
5.320274
-2.212886
0.583503
1.363175
1.784010
-0.730705
-0.368739
-0.798273
-7.850770
-3.501816
1.116545
0.077818
-3.026960
-2.897111
-1.172942
0.651904
2.313542
-2.154653
0.607194
-8.478895
-3.522908
2.395956
0.557345
1.706696
5.781011
5.048249
-6.851949
-3.594646
-0.220178
-1.681569
-5.383880
-1.467557
0.219574
0.108811
0.233402
0.330262
1.032449
0.005882
2.047887
3.321931
0.250563
0.181206
4.756002
1.213739
3.522374
4.298222
-6.093605
-7.232336
1.436004
4.871677
4.707184
-2.328241
0.841918
1.155457
-2.652326
-0.308634
-1.394157
-3.636330
-1.635835
3.391790
2.530108
-0.907247
2.265857
-2.638802
-0.926982
-1.483441
2.125825
0.387736
-3.239516
-3.256312
-4.597695
-0.880251
2.431935
0.132874
4.245193
5.579174
-4.222983
0.190903
-3.623801
-5.437093
3.373348
2.726261
0.552819
-4.683417
-9.626787
-0.581114
-1.799932
6.247485
1.394538
-2.859008
-4.889942
-1.971406
-6.000751
-2.185585
-2.338588
-2.837250
3.381160
6.912204
-2.008313
-5.040097
3.760084
3.437586
1.320151
-0.319792
1.403300
-2.905236
0.332069
-2.313921
-3.185732
0.922248
-1.599750
-2.402041
2.914339
6.028522
1.433342
-0.513711
-2.506975
-2.793190
2.913191
-0.610933
-2.443911
0.723702
4.438881
-0.015785
-1.168697
-1.905143
-1.168588
-3.939218
-2.993242
4.036975
-0.378678
-7.833865
-3.793882
1.773592
-1.467134
2.895402
0.836762
1.838180
-2.363768
-1.286469
-7.950476
-5.040966
2.397121
-2.585496
5.948696
2.298942
-6.056082
-1.911034
-5.455943
2.431449
1.279192
0.037197
-4.796002
-1.604349
-2.176589
-5.266360
-2.028394
1.652441
-0.392390
-5.704850
-4.246133
-0.921913
-0.409275
-4.642778
3.279917
2.637404
2.268795
-1.536145
3.100601
0.039620
-1.384713
-3.695174
-1.502506
2.939915
-4.732140
-3.415985
5.608046
4.071545
-1.595034
-4.129075
-2.557859
0.410980
-0.277267
2.393885
0.168744
0.993565
0.251184
-1.496072
3.444872
2.123050
4.000958
2.752274
-4.616439
-4.593954
-4.006266
-1.542276
-1.115140
0.372984
-0.446757
-5.668799
-0.033018
3.140446
-1.259627
-5.573449
-1.352386
-2.664150
-0.563951
-0.198039
-2.235436
-2.689758
-1.417785
-1.082046
-0.719940
-0.868047
-4.820231
1.534863
-4.382128
-1.299919
-3.230328
-4.049893
-4.714302
-3.297877
0.369446
-4.116491
-4.869743
1.221329
-1.496728
5.564103
1.864366
-7.207193
2.521358
-0.446402
1.187661
-0.328113
0.759607
0.110312
-0.842176
-2.897069
-3.465598
1.713981
3.036935
2.088795
-3.220031
-0.981446
1.368834
1.103462
-6.977566
-0.469820
0.938505
0.100255
2.753135
7.609345
5.954044
5.179290
0.991374
0.297614
-0.005714
-2.659608
1.031960
0.498896
-1.814619
-8.943468
5.432901
0.750836
-2.608080
6.072098
-1.945412
-6.842015
-6.974793
-5.492222
1.185431
4.344789
0.889905
-2.911489
-0.952412
-0.498381
-2.227597
-2.168785
-0.031746
1.089708
-0.269440
-4.108015
-5.549875
-8.645362
-0.064300
0.455050
-3.565797
2.199609
2.056527
1.110627
-2.466898
1.003530
2.101939
-5.194322
2.280039
0.387690
1.772440
4.617192
-0.958176
-0.082667
-2.019271
-1.305639
0.905417
0.840436
-1.229032
-3.603530
0.342169
0.709202
4.237884
-3.983493
-2.613961
2.371917
-0.984596
3.832027
0.093148
-0.776889
5.368897
-0.478423
-6.410182
0.809091
-0.368813
0.892863
2.570100
-5.012368
2.687851
5.008999
-2.585908
-2.999533
-1.197814
-3.791098
-4.896582
-2.681803
-2.547275
4.632707
1.917803
-1.114436
-1.732352
-5.390239
-1.652276
0.687256
8.367072
-3.820378
-2.620440
-0.873502
0.498410
-0.374651
-2.383556
-6.236725
1.685983
2.663577
-2.516115
2.562930
5.716798
2.536568
1.413050
0.597523
-0.559497
2.993481
-3.144707
0.299179
0.654708
-1.316468
-0.319736
2.131541
1.317966
-0.118934
4.302180
0.668040
2.009896
-0.025895
2.615786
2.396350
0.351995
-1.583523
0.201327
0.903161
-1.617992
-0.702144
-2.979411
-0.311443
3.952738
2.809612
0.063833
-3.132727
1.462110
3.596967
-4.019148
-4.315536
0.134306
-1.482171
-5.899672
-2.792110
-2.980330
0.653474
0.297649
5.360256
0.570942
-6.210021
-1.346012
-0.337897
-2.504828
-3.985984
1.073260
3.072751
-1.262611
-1.022581
3.948285
0.176246
0.225309
-2.222548
-1.829655
0.621992
-3.653595
-5.133772
2.302425
-3.143441
-0.726347
3.150199
2.557652
-0.740677
0.370790
0.987017
-2.750275
-1.173754
1.133854
2.143666
2.637214
4.001603
0.417267
-0.437247
1.017701
-0.014622
1.251308
0.079059
-3.377832
2.590114
1.899987
-2.359730
-1.096320
0.838359
1.793818
-0.342524
1.708536
3.832189
1.312711
-3.647478
2.395540
-1.815837
-3.424353
1.613298
1.005586
-2.160669
-2.198046
0.709100
-2.456685
3.197042
2.419577
0.239848
-1.640758
5.629500
2.887214
-2.482656
7.708535
-2.152316
-7.308527
-1.464946
-0.772738
2.127991
-0.366787
2.617047
-1.579148
-5.000570
5.219126
5.543936
-1.646129
-2.479094
3.525479
-2.583299
0.893585
5.410386
0.871943
-2.784425
0.380688
2.192734
5.043680
-3.412129
-1.158194
3.312095
1.133243
-4.519768
-0.737264
6.963953
0.570543
-5.684391
1.352561
-0.435630
-1.031119
2.094651
0.390566
5.651712
-1.433533
1.973844
4.460820
2.911088
2.067238
2.834909
-4.093340
-7.579599
1.531240
-1.858407
-2.997872
-1.000376
-2.351432
1.283364
-2.132963
3.818407
4.251998
-0.953489
2.452460
2.060688
-3.673592
3.871053
1.455722
2.444847
0.462512
-2.024443
0.485035
0.939561
0.115343
-2.529264
-4.434248
3.292028
0.841429
-1.602284
1.521777
-2.825614
-3.077062
5.131690
1.880983
4.394744
1.990551
2.856265
-0.895402
-0.148587
-3.580919
-1.836347
4.179971
-2.185983
0.436678
-1.056487
1.965313
-3.374931
-0.098260
0.760721
-0.103462
0.211112
-2.709869
-0.935573
2.679449
4.924674
1.986120
2.869080
1.901682
0.977912
1.513236
-1.019375
5.942010
4.978160
0.409639
3.274544
2.488746
-0.970853
-1.591186
-4.758547
0.191297
-1.483115
-1.933646
3.066148
1.962783
-2.191115
3.647636
0.630905
-5.579164
-1.184081
3.753104
0.128500
-2.527668
1.764559
-0.657235
-1.597984
2.762295
4.398439
-0.958671
-2.412592
-2.905677
-6.072300
2.573566
-0.902061
-1.228449
1.541689
-1.846016
-0.602628
-1.996394
0.787730
-1.275079
-2.663794
-1.078949
-4.235192
-0.621359
0.914001
-7.409755
-0.510707
1.211728
-5.558853
-1.041041
-2.289098
4.577634
1.471665
-0.569811
1.336261
-0.715545
-1.924997
1.581815
2.761433
0.350028
-1.980615
2.595126
-2.232041
4.779727
6.185669
2.960831
0.283787
2.422052
4.075822
3.281710
0.175343
4.942687
-0.763119
-1.286157
-0.054467
0.665946
3.380764
-4.910188
2.128376
0.883183
-0.102068
6.606129
-3.975093
-4.820485
-3.043868
-0.813966
2.587727
-1.161180
-0.316548
4.331707
-1.077511
-3.027148
-0.442434
0.996678
-3.283636
-0.121512
-0.320483
0.269454
-1.245979
-0.779373
-4.657655
3.349619
3.609485
-3.110581
-5.072075
0.155981
-3.779039
-2.160768
1.563710
