451
102
250
573
478
-250
243
-38
-26
105
36
372
194
31
113
85
382
-52
80
-218
-653
167
221
-189
581
-372
11
-47
392
376
39
96
-227
-507
-89
40
314
307
-99
-77
-268
-363
-436
499
-130
-112
-320
199
-413
-54
-229
99
-130
-302
-7
109
17
77
-162
-92
-172
-92
-208
-441
45
-102
-417
118
-232
13
186
33
291
-316
102
-175
-222
-148
-79
14
-298
230
119
-393
380
485
301
-46
-274
269
-103
312
53
250
91
180
2
457
32
102
482
-345
-325
248
-300
497
-105
-191
492
379
478
231
-220
488
-68
205
242
-39
157
236
96
-281
76
339
-177
-38
-111
473
172
104
-197
138
-172
8
-162
173
147
-53
101
-279
-381
112
42
162
610
241
-233
285
-336
-118
-17
438
-190
-211
-25
-169
288
-276
-293
-112
-127
493
243
22
-313
216
-256
-395
304
81
235
81
219
-166
-264
174
-205
-176
-116
4
-90
-351
-164
-569
160
-410
-282
13
-189
395
-330
68
-10
-299
133
-43
197
210
553
342
-94
-61
281
167
163
-413
-6
-188
71
-25
233
81
201
-119
-241
-104
-4
97
578
-10
-244
-88
-118
123
-394
16
40
59
-152
-60
-364
-126
-138
106
-295
199
382
-529
109
173
-163
-101
-34
-76
-79
-429
294
276
-208
-375
133
-147
36
-81
177
177
-185
-354
-405
156
-304
-129
-152
-13
-495
48
134
22
-79
24
102
-709
500
99
-167
-100
126
-29
-519
528
-28
261
-177
393
73
155
-267
310
176
333
-160
-123
589
-271
-34
291
25
149
-102
94
-334
424
-30
-174
170
-117
-341
-344
177
-40
-34
275
-288
-187
-98
24
-10
-73
-15
-27
-184
-208
70
-228
-296
-79
-40
577
-180
241
191
-304
197
-303
-680
155
-449
115
-175
424
273
-116
-176
-310
-112
-71
-93
40
148
89
-195
-368
349
-176
-166
-133
-471
-122
-122
158
178
0
238
87
-4
41
-48
-101
-68
-288
71
-254
215
-63
12
126
164
-402
-52
225
-434
99
-577
-261
9
-424
-252
-376
421
42
145
-57
-90
-413
-74
-194
219
292
375
218
-153
-285
196
91
-452
91
208
15
-47
-206
-370
204
-79
-59
443
175
94
36
389
440
237
149
-536
31
-33
24
241
-701
-145
69
-119
-362
222
70
-248
80
210
1
204
20
-101
-296
-21
49
224
-29
117
-246
-200
-28
-269
209
118
71
86
517
-120
-563
51
-12
-132
-250
-112
46
-128
617
-245
-203
-585
64
-516
-138
-70
-181
445
254
337
-225
288
126
197
263
-232
-108
220
-679
387
141
-11
56
-263
-89
281
332
690
-18
-168
-131
-260
-19
97
-8
280
-59
-88
-148
-417
-401
-301
333
229
351
-341
-503
-168
45
127
268
72
446
-56
-233
-430
-227
61
-227
239
361
-606
221
-573
102
313
16
-327
-149
-66
-46
-51
-28
54
-309
-61
388
-98
-113
276
-655
302
-161
41
24
241
-68
-173
332
-605
5
-345
-194
514
-11
49
-456
-186
50
90
157
2
134
116
-468
9
196
151
-93
-206
-286
-33
290
-499
-168
-291
200
-141
-120
-55
114
-100
-779
139
112
-56
-277
90
97
-120
-55
-238
-45
-396
106
-241
60
-359
-151
-28
-425
29
-97
-446
-333
154
229
-33
103
57
84
329
-385
173
-97
-57
-77
-96
-313
46
427
-14
0
-175
-30
119
-94
-116
103
-235
64
210
348
-23
350
264
-255
-311
-78
263
-18
-153
397
73
-594
81
133
57
115
-17
-337
-94
-242
-238
-323
115
25
-114
-166
-5
276
-513
96
-139
-482
-498
-233
56
100
-240
260
364
101
-151
287
193
222
-168
-725
541
-412
-9
609
84
243
-384
-455
-136
279
-88
-203
50
276
-369
-309
-201
280
60
545
239
-8
323
54
-180
174
-178
-74
339
-25
-205
-118
261
-141
-99
-130
47
-98
-410
-227
-238
318
208
150
-129
-208
-129
-269
639
-574
144
-328
-26
-252
-301
-291
449
-34
-196
142
2
184
-467
77
197
-425
114
434
-3
210
171
-181
10
-401
-115
68
185
6
184
-282
-26
4
473
-54
-127
5
-235
49
-93
-458
-14
-81
-417
-17
381
133
156
-343
122
38
135
108
-348
-10
-194
-12
-229
335
-219
-230
19
-275
-108
-212
361
201
-14
-100
240
103
127
-6
-432
-28
-136
165
259
-168
119
444
-170
430
-218
5
-2
2
-214
-151
-170
83
84
569
350
-130
83
255
7
-17
13
222
-217
-83
120
79
61
-94
248
546
104
-49
193
-138
-191
8
-661
-295
-89
-346
-264
-111
-420
-103
-137
6
295
44
5
25
58
-260
-29
79
-350
221
276
-161
-61
-224
179
-271
-56
-219
13
-459
339
-246
15
-54
-195
-227
239
-134
69
-205
-165
120
238
-44
-364
511
-219
-394
664
-103
-374
-174
94
48
-218
466
-133
-303
245
340
-209
-358
263
-524
-314
247
-14
-67
90
-39
-332
326
339
52
11
598
-70
-66
93
376
407
-66
78
-352
-79
-215
-257
430
-202
-136
93
332
123
706
-19
66
70
367
129
-29
-242
62
358
-105
135
63
221
-206
600
-327
-93
240
75
212
-127
-19
3
401
176
203
-168
248
57
355
515
-78
-104
-221
-36
-97
92
-37
-92
272
-240
110
-103
185
354
-77
112
45
-204
61
74
105
-50
24
-293
-91
142
228
-108
26
58
51
138
-465
-12
61
-256
428
41
400
-202
-232
57
-429
55
24
260
179
-106
-280
438
-202
-267
-277
286
-132
-192
35
-52
-173
193
272
252
196
103
-454
427
77
155
285
366
107
111
-153
8
-218
-184
-228
-39
268
811
48
-345
323
-77
-169
53
-317
56
-22
25
97
17
4
72
106
-264
-366
-15
-366
22
240
155
-268
-220
84
-102
-81
152
-252
-102
-204
-267
-219
173
13
-225
-59
-419
-187
550
-23
187
-16
89
169
-282
-7
404
-203
-145
-78
68
134
324
127
-15
322
180
-382
646
453
-43
96
339
-44
186
282
-259
-154
235
117
236
-33
-73
-511
-293
12
211
135
-32
-69
55
20
359
37
-379
-325
388
-299
195
-68
-43
-34
312
-49
-8
-391
52
135
61
357
14
76
422
-396
-116
365
239
173
213
83
417
96
61
40
49
-296
197
-33
466
-19
107
63
-160
253
487
-3
-76
-90
-484
-45
64
270
245
-106
-70
287
-44
-130
356
265
4
-152
-515
150
-229
-502
405
165
-291
-310
222
-224
331
157
137
103
49
225
-116
22
192
144
-305
-128
64
-104
454
-100
-41
196
84
-37
-193
77
266
122
-199
444
-370
-405
245
57
-140
-281
594
29
136
81
111
138
187
-96
-74
-445
-199
69
267
153
-87
-323
-711
294
-150
-114
33
-359
-89
518
129
91
-405
574
-364
492
-541
359
414
-211
108
140
-208
-370
-337
138
-21
-144
247
130
-193
-307
133
-137
25
403
128
-220
41
-243
411
-143
53
78
40
-501
-370
-115
81
-35
-245
-345
-102
-119
131
-83
154
-152
-65
-89
-200
160
-208
-133
-18
-332
-83
-182
-99
-15
-204
-56
335
-6
293
88
198
-198
26
34
-156
-210
-381
383
-248
344
-119
-220
159
-161
145
-85
122
-247
212
124
-235
676
138
586
409
-48
-105
-103
-468
-178
63
390
-197
225
-320
-150
-117
95
117
246
197
62
99
406
-130
198
-462
105
-123
0
266
42
226
377
99
299
-83
-2
-133
267
106
-129
39
266
-10
-242
33
-507
196
-107
-120
224
-349
498
-122
-133
261
181
627
-54
-30
-378
-85
-184
-114
-446
425
-362
-717
-304
-154
-294
281
-35
6
156
73
250
-284
-140
170
-648
-352
128
-122
239
207
-306
104
307
37
-250
225
162
138
183
-766
225
462
111
49
178
86
166
0
-196
-257
-255
-351
-273
450
193
-160
-99
28
-167
17
199
-9
86
226
-69
72
-79
-7
-83
-135
44
145
37
127
-188
-308
106
176
12
345
232
686
-51
-255
-189
-144
121
-552
337
-61
-63
-276
-29
3
-31
86
-150
-229
140
25
50
271
-261
-218
321
-379
-335
209
60
26
-23
8
-23
346
-101
-41
459
7
571
-26
350
-423
39
-405
216
-310
72
-72
-296
-414
-130
445
-75
234
-14
224
-467
-103
243
-41
-22
-110
294
76
11
164
150
54
396
-15
71
-164
38
406
-164
-290
255
-38
24
-11
20
217
-214
-259
21
-411
-351
477
193
-2
316
-266
-80
159
228
131
-650
-247
122
-91
650
237
142
-285
-9
61
288
225
264
-236
361
-353
-137
110
-38
-257
-210
-396
136
322
-25
-102
-376
233
566
-460
-272
-173
-144
58
413
258
135
-185
-286
-203
396
-15
-114
-47
211
-336
362
40
-55
113
55
-88
-64
-222
168
-136
-244
42
340
-12
-155
103
495
-371
97
52
297
253
-47
-431
206
-213
-242
293
-233
359
85
81
78
-419
-454
55
145
21
-210
4
-21
-245
259
-442
150
98
258
-257
25
555
169
25
138
22
560
251
-21
64
-100
309
-359
-410
373
551
119
28
168
-165
43
9
160
-398
-129
216
-172
-254
522
9
-148
-433
186
178
-76
-282
-6
-213
-241
-26
-269
63
155
-214
-350
399
-240
-168
54
153
-65
117
-102
-248
365
637
434
36
469
91
-122
119
-24
-251
-229
205
-472
154
-417
-543
-470
503
-50
22
363
239
-356
222
47
-87
6
327
-226
102
-2
-460
-205
49
332
256
152
-208
461
55
-257
-46
229
1
227
282
102
-219
34
11
475
-416
-34
-149
85
-624
285
3
-472
-92
155
-407
0
-270
-142
6
46
-120
69
209
-71
366
374
-109
-163
-426
-32
-93
199
-386
-71
247
-186
-195
-370
670
-191
-332
-205
-198
-68
211
-76
-236
-371
5
10
391
23
-25
-268
-78
-112
-94
-245
137
-36
-51
-438
126
124
-214
253
-349
-5
-69
-337
48
435
17
-118
114
27
7
-108
364
116
-135
-27
-189
-155
-164
-290
198
-74
141
-171
-15
-182
184
-63
-187
-420
70
-181
-4
-125
244
139
114
-157
119
438
-213
44
-422
358
-101
200
-441
460
-91
139
38
-65
431
-421
76
233
-7
-30
-36
-314
9
131
17
-69
-125
-71
321
-534
10
-83
372
14
380
-543
117
71
355
-420
-39
16
-126
311
-86
520
269
243
143
-272
-110
146
173
334
-119
-220
219
-207
223
307
116
-91
10
151
2
562
-253
-256
-250
-150
-557
-161
-167
20
106
-317
230
461
-53
403
50
509
286
-400
4
269
7
-9
325
-181
4
82
-85
-5
198
110
-207
-282
-202
0
-40
-212
-153
-389
106
-10
-322
7
343
-189
336
-82
50
25
358
40
-292
-335
-392
-438
11
-245
-20
-180
-197
-123
180
237
95
-253
164
176
70
-154
181
108
-797
164
-489
169
-39
305
-25
-226
-37
271
6
-29
190
53
-1
349
398
157
-73
383
302
184
-311
36
-190
-40
61
25
-121
325
-434
186
-475
97
-227
224
22
63
-260
-167
53
149
749
57
249
-398
-340
-91
-306
380
-105
353
380
10
128
-14
137
123
-31
129
441
182
83
31
-259
-262
82
-350
-196
328
490
-426
416
-54
-3
-29
276
-411
116
-241
146
394
0
95
104
-204
386
436
179
18
-118
-160
437
362
-16
-404
-724
-277
-33
358
-166
129
333
32
-36
-335
-307
106
-51
31
-12
170
-200
-85
485
-204
-72
-150
113
261
-127
-110
-71
135
-189
-96
-607
-353
-28
229
75
-281
-358
44
-423
272
16
-411
-247
-185
-197
-381
-223
-175
-182
288
26
-254
-85
-225
-76
224
64
585
96
-233
207
276
280
-280
-37
289
-431
-127
-365
-238
-259
320
-60
-221
-265
36
-2
344
128
-366
-161
273
-158
444
-281
146
-220
-130
281
-32
208
121
192
-227
-56
108
-217
417
-198
-76
-257
-548
460
-52
-114
-50
363
-247
173
-108
-152
145
252
-131
-196
-299
282
-147
-473
360
-350
199
46
73
-149
93
-426
150
398
226
-517
-251
-48
124
-27
-126
152
298
-59
186
-660
-240
-82
-125
85
259
129
-159
-389
142
-470
167
-48
-301
73
0
-9
-21
107
236
127
259
-11
414
146
-139
-280
52
-334
-249
61
-155
-238
-8
18
-52
-96
218
87
-57
630
49
289
-143
-348
-202
-68
-127
342
-30
118
-11
-110
9
438
-196
196
-262
-117
0
83
379
-12
-215
166
-93
61
-29
-497
130
149
237
460
-305
132
104
-107
101
127
-311
63
-235
-166
-454
-121
-52
140
0
-394
220
-30
125
247
364
502
-18
79
-276
271
-303
-462
212
-133
199
104
-417
-696
-280
4
-312
-167
-373
43
23
-123
357
383
144
-460
-282
104
-160
-124
230
130
336
-109
352
-141
383
27
-220
-417
-77
-65
219
-28
-110
275
-57
-147
147
-125
168
-152
-57
38
-95
-3
208
105
123
-162
218
171
257
-185
-44
162
-155
-57
493
499
317
240
-260
131
-91
-270
-130
29
-140
-141
202
36
59
28
-172
-350
79
-129
-514
-100
-279
178
133
127
-170
187
81
-104
-116
228
-121
77
264
488
425
230
-385
-176
-140
423
-179
98
25
-239
97
101
-321
313
-534
-151
248
-305
89
-331
-23
-592
-215
-394
-102
-106
-172
204
-227
162
417
35
-219
-319
-181
180
39
239
197
36
121
474
362
-77
253
149
290
171
-249
-414
146
487
-198
-48
-265
301
-590
-579
96
-21
-122
-77
137
-105
-280
-237
227
-134
-354
26
129
340
55
-168
121
186
-9
-11
66
-17
64
-261
-294
-214
164
66
266
-47
-292
293
-4
328
153
560
-56
230
228
-142
-44
-374
-396
32
203
163
87
220
-150
-69
188
110
-53
338
-330
-132
-72
209
0
-322
131
278
189
158
-479
-230
123
-14
133
-324
-15
-355
-500
75
215
62
-8
-399
257
-11
501
241
-513
193
-357
-194
-64
-24
101
-261
-294
153
-3
44
-561
-45
-228
-235
236
-280
-279
-84
115
-226
315
371
-225
-62
-199
-431
77
187
515
-229
342
343
50
154
223
505
122
-15
-221
78
262
62
-199
22
-33
67
-425
141
152
113
0
-462
-4
271
-220
-509
-394
80
95
226
-14
-384
-209
209
35
166
111
-52
-44
475
106
-32
116
57
-552
166
466
-199
372
-65
75
274
-184
318
-310
-224
-151
169
-87
-389
-55
-200
187
-87
18
-103
111
-46
83
-663
24
105
-51
171
189
333
26
-489
-585
-410
-9
-40
70
-160
-188
142
167
-65
-9
103
129
-292
-184
-315
-129
207
139
-281
131
21
-126
-360
-44
174
-553
-101
577
172
66
-188
-173
-21
410
119
-223
301
-74
434
-145
-256
44
251
265
40
-252
-129
-516
-233
-45
99
-86
-14
-101
192
-230
214
501
121
-134
-137
309
-288
-244
-298
-327
-267
202
282
-178
53
194
25
-244
-376
258
127
147
-283
60
161
80
-190
259
-391
237
276
402
-87
-255
203
-178
11
-81
-230
82
-356
151
-247
-443
-12
110
147
209
-602
-257
27
388
200
486
-134
70
-281
-103
-188
-162
-100
0
5
139
35
-88
-133
-78
-114
125
221
326
-204
120
-357
95
277
-38
274
-291
-227
-34
261
-106
-116
-253
51
319
179
178
-52
-144
173
-8
-44
229
-50
-214
232
20
-265
-284
24
598
-100
-86
390
-14
-370
-402
314
170
211
-14
-186
-55
34
-214
143
-322
-85
-52
-176
-564
114
-193
339
-87
-138
23
269
-144
259
368
253
416
330
387
410
53
-109
-579
-338
-114
-97
-39
-256
-408
-33
-48
-206
-189
-240
-101
-219
322
61
-248
-71
-302
259
354
320
-293
-23
-102
143
-258
-173
-105
39
177
-84
169
210
-54
-318
-299
151
-121
-438
156
33
-359
301
214
35
-326
-358
-78
-438
103
-361
42
-73
182
-240
70
-357
203
-29
126
-338
127
78
93
80
-49
317
-39
-189
-15
-243
-118
-45
-97
51
498
146
274
-128
-150
-96
218
-549
-264
26
-57
503
114
-169
-403
-87
-333
119
41
81
532
-232
-49
-310
-20
407
145
-29
64
-309
-100
21
25
-391
83
71
-96
1
-379
-378
34
-170
-2
214
-44
-719
-38
-123
-60
230
-404
62
401
-160
120
247
53
-175
-181
190
151
-201
-301
-327
425
-17
604
142
112
78
255
-247
552
-25
-180
77
279
-257
145
-183
-129
-125
195
-283
49
-87
-216
-310
-307
-418
229
-61
40
301
-312
-241
65
-466
-148
-236
84
-109
514
240
-218
-99
-88
846
-386
52
-533
-1
488
-104
282
-16
-108
-64
-150
-160
-340
385
-100
75
-224
285
-70
-23
-468
101
463
-222
-117
-291
33
16
180
141
-208
57
-84
-279
-32
973
592
35
445
-11
-13
-499
-245
-200
27
3
-148
-150
-42
-353
-156
-97
-319
-84
-213
316
-62
-48
109
142
-444
-96
-232
-37
-137
40
-250
-145
-151
277
94
94
-73
-98
143
199
3
292
326
-426
110
-10
99
285
-235
-414
283
-255
-175
52
-175
-407
8
-200
153
-129
-176
-53
269
232
-279
716
-83
-295
227
-92
551
216
-50
403
217
-314
227
-132
-21
33
-225
-341
94
-355
-659
-214
84
-69
324
47
-196
-112
-367
277
-353
-235
-41
0
-384
-231
67
289
89
-6
-399
-158
133
276
227
35
308
737
-152
-195
388
60
28
100
-167
-264
-198
318
-367
127
-142
-90
190
216
87
-479
402
335
23
2
461
242
-7
-74
-49
301
266
-413
118
221
-385
0
-454
33
-533
-174
-156
-181
371
137
-102
-238
-61
-263
249
511
269
84
-42
-103
446
-147
399
-289
-75
-438
40
-323
426
105
137
72
-279
31
470
2
-260
-474
-182
-451
212
199
-224
157
-147
-11
95
-113
107
-431
30
-8
-523
-463
-476
106
31
70
-339
291
251
-196
301
-64
-454
-417
187
-26
225
-22
68
543
357
-110
95
126
194
18
-126
0
-122
430
317
-52
109
-42
305
268
145
223
169
300
135
38
-147
-402
-7
-189
15
291
44
-106
-218
-366
341
-454
-239
-592
-80
-87
-103
-16
-210
-233
465
-85
232
-214
412
387
59
-281
22
12
61
-250
-389
41
-2
0
262
-377
258
-190
-101
-211
22
-487
-145
-132
323
38
178
1
-268
232
-216
-134
46
242
-51
386
-146
170
0
395
54
-480
278
-20
-141
313
-84
153
-196
-214
463
-201
-149
-437
417
101
60
249
-340
-138
-23
-396
335
-4
-82
60
-192
11
877
154
427
-90
-192
79
-343
-590
187
164
213
7
506
-22
-141
-769
-12
212
1
287
587
-44
315
-405
264
16
-56
-41
-40
-79
50
-44
-295
106
-155
268
-8
32
-524
-321
240
-187
-136
-71
349
95
335
-68
54
-308
301
27
11
86
370
-54
425
-217
108
514
-125
62
224
-35
-384
-270
148
228
200
293
18
53
-388
81
156
-149
164
-464
192
76
540
361
385
209
165
-302
-85
467
-372
-115
-363
371
-144
395
-105
-129
327
240
-695
115
153
53
-168
7
-101
54
-51
-159
41
205
73
-141
86
273
408
309
137
-258
-349
-51
-360
-200
-43
-123
-83
-339
59
255
-140
185
681
-23
166
50
248
-439
-270
36
227
33
-426
-210
-203
99
-195
-174
277
341
-105
108
-481
50
304
134
25
-99
-165
-45
-397
412
144
-26
-158
-18
204
258
-231
-249
532
290
181
-35
236
-325
392
-9
202
165
-33
-44
312
262
-453
-433
-242
-228
-286
69
-118
308
371
-7
430
6
-111
16
241
-413
-53
76
92
-94
125
74
-151
558
112
-84
-146
263
26
652
-111
-318
-7
44
-542
-79
-94
-94
-161
-343
194
-149
-262
-194
-120
27
171
-244
-122
-344
-868
39
389
133
-129
24
-300
-31
-109
-218
103
665
426
-18
226
220
-165
164
-368
-206
61
-106
449
165
-97
-120
47
-270
152
-352
159
-42
106
-259
62
617
-117
81
385
194
110
-259
-327
13
-118
-4
52
-173
126
475
-258
-120
-12
291
-303
-272
-553
-112
174
272
91
-153
180
52
-491
-314
387
82
-351
209
271
-111
168
-957
249
300
-287
72
-86
-26
-108
-341
483
-79
26
-258
-265
105
134
224
282
-53
-113
191
-163
223
95
295
171
-269
-221
187
488
-338
5
72
-390
122
-23
-536
415
-220
-328
107
142
188
-98
-2
-187
-335
276
-26
-46
-511
-45
-215
-44
-56
-114
240
114
288
-339
-166
-10
-104
-20
-302
-183
-420
-227
177
-54
385
-152
30
-310
665
-45
212
105
-149
-340
39
-142
-39
166
20
96
38
-375
357
301
-290
129
-169
-191
-1
447
270
154
-294
653
223
-601
102
-125
104
102
-235
467
51
240
345
-188
-233
287
356
-352
514
-60
177
144
-248
-221
-533
-294
-379
10
350
-6
86
199
174
-98
-374
-110
16
-223
92
-74
159
-205
-236
454
7
141
-281
-96
174
400
-185
-205
-5
-390
-7
-16
185
362
145
189
13
-92
-510
-226
55
-421
62
-102
-261
-120
186
226
-495
-38
233
-66
27
-382
-122
468
-201
-368
38
201
305
-132
56
139
166
-140
438
-175
181
-5
-150
-164
-150
-114
-260
178
-180
-157
125
-27
-364
-239
-50
-147
192
-195
-247
-258
104
123
-428
159
220
-432
-176
365
257
6
128
540
128
-312
349
-222
254
168
227
394
-375
-17
498
249
45
-261
27
-233
-375
147
16
-198
101
-128
455
-7
403
-208
157
471
69
290
-445
181
7
195
222
-577
-113
-171
38
-496
-279
256
45
-278
-64
281
-470
-54
-58
47
128
489
141
-150
322
-219
111
402
275
207
-571
-25
-150
339
215
66
203
-166
162
24
-430
88
181
305
135
257
-443
-95
-36
-84
-22
-147
188
-253
32
18
36
-242
358
-57
-368
205
0
-24
-24
101
-13
-198
-363
77
-388
286
-244
-217
-251
-348
-197
-72
-595
-625
-183
226
-332
-19
366
-338
-112
-190
228
118
158
639
417
-25
-51
-370
-438
-12
-332
160
-202
-149
-397
540
194
-181
38
338
-237
488
-264
-45
-422
-649
258
21
-443
-419
293
-38
366
162
-17
8
-142
25
-15
214
-41
210
235
46
-336
-41
-487
-308
186
126
0
-77
-189
-131
247
122
-351
50
35
422
-449
-200
249
-284
610
-301
7
143
225
183
-118
233
-193
-136
116
386
-58
-227
309
-323
470
-251
164
237
200
58
12
-423
-199
185
169
-265
88
64
448
-107
-133
-236
-255
95
-180
275
-160
392
106
66
-294
84
11
161
-130
-372
70
35
62
257
-240
-609
121
103
-122
43
-268
-539
-433
10
353
-99
208
-152
-14
203
34
-138
-221
-23
302
-402
219
72
-248
-4
-52
-242
-138
-321
-530
38
267
418
-284
549
390
364
-201
-143
-496
48
-100
41
-213
172
87
-292
-11
72
514
24
-240
-80
-7
-34
-471
-84
-177
-66
542
-213
368
297
174
0
167
-115
-139
-191
70
-53
-61
363
-180
188
-133
-407
-365
-125
161
164
-61
158
19
-66
218
304
260
-78
145
-545
49
92
38
-56
334
-23
-35
-61
264
-74
-213
-27
437
-76
157
-71
-70
-143
-311
-28
183
403
113
-209
190
116
357
534
310
-100
-40
296
-129
-35
162
274
57
-740
86
-79
-249
6
286
-289
407
250
239
-208
-64
-98
0
-15
-81
-45
-54
68
-422
124
434
274
-242
267
586
-62
184
588
263
396
-280
60
100
144
202
39
-335
272
96
-301
194
141
137
-73
418
146
-202
-394
-196
-606
-66
33
-309
-139
397
27
393
-47
-45
-563
186
281
-87
-79
208
-188
-200
81
-155
156
-235
386
168
16
-223
-270
-229
-366
343
87
274
445
334
115
-105
191
54
-66
-131
276
378
-70
-111
178
-162
154
444
-106
6
509
-95
36
-241
-179
-352
748
146
-11
-270
-467
61
-37
128
177
259
-10
159
-104
-217
-86
196
155
-3
82
411
-461
-321
-3
179
-55
231
-769
-596
-145
682
0
-573
-92
158
246
120
-60
173
295
-142
-31
-34
-436
-321
-593
21
-76
-86
-8
132
-172
300
-407
-3
-25
217
-126
273
-59
-26
-38
178
218
-154
-360
-251
42
-4
36
-185
203
-45
-418
39
140
36
33
58
-269
392
-83
375
-141
247
61
25
-240
308
107
-23
309
22
565
260
-84
347
15
513
20
-20
24
102
396
74
-27
-126
201
-141
-299
-241
-119
-31
269
-147
306
-419
674
-406
50
-55
-201
173
270
-44
309
16
-272
-20
-135
117
-102
-18
-277
273
-91
-273
673
-361
129
-553
78
48
-64
-349
-219
-206
-300
-242
367
100
340
-253
-110
-444
-304
-74
-107
455
27
-67
117
6
-277
-160
358
333
65
260
420
-113
47
56
-211
114
-292
26
-68
109
-346
-133
482
-34
17
-171
11
97
-121
-63
-42
75
289
-171
206
205
65
276
25
27
-44
-69
-53
-476
153
-82
-376
248
-249
220
-189
245
486
-408
-65
244
71
72
234
-201
-328
-182
341
-195
-392
296
-131
-114
-356
135
145
-140
-305
-484
145
664
103
155
37
89
-59
75
-205
-317
28
25
-300
-141
-89
183
40
-42
-407
69
135
562
114
236
239
-464
-31
-43
-117
219
416
-236
-39
108
-199
-541
-55
-282
-496
230
418
135
106
111
-19
114
-33
-192
327
191
680
-209
-369
343
-26
347
515
-351
-219
-430
-38
-184
-496
25
328
-248
318
178
-16
-270
-120
544
-99
145
-70
-281
176
422
272
411
36
0
135
-56
-125
-408
260
12
-410
-465
453
275
98
-375
-67
-264
-93
-55
-185
-356
189
63
140
290
282
425
237
117
-105
-330
151
-74
511
-129
71
72
-377
-195
-508
70
47
190
-185
-271
-82
105
-277
97
125
210
-91
22
314
-179
-9
513
77
241
76
257
124
-56
-61
-58
168
6
-4
20
70
400
-237
276
-109
-85
-37
-346
-162
-34
-152
332
-210
-42
-154
320
-343
106
306
360
45
442
-243
-141
-138
65
-541
242
315
-73
322
146
-250
-176
-129
84
240
172
-158
28
-156
405
-98
-17
-72
-307
-20
210
-43
-422
-53
-182
13
247
-179
-39
11
-365
90
-75
-244
-344
-10
210
125
-301
-87
117
305
385
55
275
-358
130
407
-10
352
347
160
428
-74
-58
390
99
-318
6
762
-606
338
-130
135
211
-345
-398
-222
-25
-430
168
151
76
57
-337
-80
10
198
33
426
159
13
115
413
-288
-92
-89
-171
-244
153
-116
156
-117
-323
306
460
57
133
444
130
298
182
337
79
76
155
-345
-223
348
363
110
-243
307
20
-299
158
228
224
-79
-133
-334
389
54
401
-66
438
-466
41
-208
-154
-339
-164
488
-144
277
-499
624
-4
233
317
-146
108
-69
-174
-393
-25
191
237
58
106
79
-188
-393
-143
-409
211
637
259
-71
4
295
-153
34
-555
-285
-145
162
-196
158
46
475
-275
-516
-623
-38
294
47
168
-12
60
-386
494
123
-336
-502
136
-27
-72
367
-145
-217
185
155
-330
202
501
-85
-155
-186
217
227
-284
291
326
75
-559
202
-416
189
259
245
-669
-186
190
-21
-390
-112
-1
-438
436
207
38
-188
-80
-167
-253
38
282
-48
-105
45
200
-134
-353
242
-348
136
-24
-229
355
255
147
112
121
-251
-143
-420
74
366
-98
60
-136
-120
-87
-374
291
-1
248
77
-206
-81
-406
201
35
-201
-385
-147
-283
34
-269
525
252
-95
-380
-28
-501
271
202
370
-142
206
354
-111
-187
345
37
108
-22
-319
282
-519
255
-71
-48
-136
134
104
412
-47
-46
-90
26
-114
295
350
-492
-329
-260
169
-228
141
351
197
-267
-307
-683
125
-321
10
59
-335
241
-265
-152
-302
12
-170
581
-164
47
-71
226
1
-374
50
112
-327
-266
-167
65
-91
-576
-194
290
161
167
-14
556
-17
-59
-120
-102
200
-533
-303
358
-198
-288
-42
-191
74
-306
383
-335
-21
14
63
-15
-1
-17
334
-32
246
-187
0
-33
256
-150
-177
-39
-5
-538
-219
284
-65
-61
145
138
445
161
-112
14
198
246
-231
171
452
-44
2
-236
-271
2
201
-76
283
232
-93
186
-33
23
274
624
-357
-84
297
-62
-109
426
-15
201
-79
-399
-130
175
49
-204
528
30
-254
332
234
-143
167
202
118
33
-452
-82
-13
-149
-91
179
-127
-434
-160
-137
-41
-314
-79
-224
199
-49
140
70
-328
-10
427
-412
242
25
-386
146
256
-15
78
466
-154
467
420
-339
31
17
331
299
386
-414
352
145
-470
336
-283
197
-150
-52
113
-53
-371
78
-295
139
-320
35
93
515
-496
80
-322
122
-28
196
362
-86
-3
231
-135
103
214
-275
-390
44
224
-385
125
-93
-43
264
35
-218
-3
-59
-71
301
-167
-203
64
163
-34
-315
27
620
144
-425
-243
23
138
-178
554
137
85
321
62
-503
-100
-163
-86
29
177
-198
-195
-19
147
141
153
284
-92
286
85
40
461
-81
-196
375
-11
282
102
-448
71
159
-18
159
305
376
202
-216
31
-182
-117
-121
-13
56
533
63
456
-3
196
-91
9
-183
177
-199
-76
56
111
134
-121
-347
-578
-228
-168
-177
-215
117
-70
-35
-201
417
-70
-601
-198
-340
-358
118
609
-309
-107
-201
-554
293
-243
195
337
-30
-269
-706
168
548
-115
119
-99
-155
393
43
3
32
31
-412
-43
440
203
-143
49
322
85
638
85
62
-276
-427
263
-101
-195
144
-157
180
61
-160
65
-377
112
-131
-9
315
7
-167
252
-11
308
-190
-76
-251
-338
41
-159
-189
34
-271
-20
-134
470
-214
-347
-141
39
-224
-141
-326
-216
86
227
101
246
-20
165
103
-5
-624
-42
236
-206
465
211
388
451
-537
245
63
302
250
-146
-252
-254
43
-238
-244
-156
83
-205
268
-200
350
-261
-51
26
-246
-188
63
-119
-145
-106
46
-214
425
-482
10
-38
-91
-358
158
-427
133
-26
-137
-327
-184
-601
157
35
131
-307
-152
152
59
281
108
86
35
359
-122
-165
3
-9
-62
225
99
-129
552
-145
150
-218
-138
-89
475
27
48
-368
58
-263
-173
113
-120
387
330
47
18
-46
82
120
-65
-298
65
45
-172
-13
-209
154
40
47
185
561
10
150
278
-23
229
321
3
727
-447
-197
-298
294
71
-191
204
-74
673
-129
278
-257
137
-115
-332
-524
-73
251
10
-362
361
108
200
114
649
46
-204
276
-558
73
-96
328
11
-193
35
-334
472
-58
176
-161
112
-21
493
-376
-105
-130
-315
-32
218
-186
-3
116
140
-132
-617
-114
529
-240
-269
52
1
-175
-3
-42
95
113
-277
178
-56
-163
267
-7
-92
-67
135
46
173
-467
289
-21
142
357
350
-351
259
67
264
-404
-253
65
-230
-99
360
570
-48
243
43
240
136
-317
330
-219
-333
306
-86
215
139
-246
-409
449
177
375
-46
318
438
-63
-68
23
-9
-680
-243
71
75
65
-77
-520
31
54
-232
90
65
-138
-31
214
75
-238
401
297
-209
-183
-162
149
173
150
182
-328
-143
-489
214
260
280
-102
85
98
388
-489
190
-86
-89
161
110
-217
133
103
422
63
200
-379
-116
-248
-13
437
-441
-79
-11
-129
355
286
259
-77
-26
134
36
-209
190
-540
274
443
91
224
-7
-265
345
-225
566
-90
16
1
105
-147
-84
310
-366
-174
-226
-27
17
-53
74
244
204
-43
58
-222
338
46
-624
-88
-232
252
-152
-173
-129
-449
-374
136
-204
299
-267
16
-85
-293
36
-165
1
111
-227
631
-150
201
-19
23
44
-183
-11
6
42
-97
-8
-328
-74
-152
11
95
3
451
-345
304
125
0
-484
116
-95
59
-361
-149
-27
352
-108
-488
72
382
-76
-191
82
-360
37
-39
-65
-53
-172
-132
-190
68
17
-124
134
121
451
230
-4
-268
65
-303
168
-80
311
-278
-13
52
-160
356
723
264
-207
-279
-79
-41
-117
-341
131
-125
77
627
-479
-17
14
1
-16
59
-291
-2
-133
-278
-88
-472
-665
50
-123
52
193
348
178
174
-2
344
-212
-104
-340
90
-137
100
73
522
-235
29
-35
349
-66
-329
-423
9
325
-36
203
-18
-190
313
-564
-135
43
-248
79
240
-41
-82
-103
-170
-29
-106
-53
668
-209
58
34
515
-251
-10
-181
64
258
-191
-58
215
0
14
-202
386
-109
-72
-76
248
298
-47
1
129
50
201
281
-163
-57
-13
-125
-574
-204
-207
61
112
77
70
-233
-374
205
-378
501
74
29
99
-118
184
-34
-214
113
697
-285
-58
340
-125
347
277
3
-44
240
-199
194
358
315
256
-250
173
-17
-270
-35
-366
-45
-31
137
272
-358
-339
-523
214
-175
-143
-11
-1
175
-553
-50
-315
433
136
90
556
-37
229
-374
51
582
127
-192
-249
-402
113
220
32
-207
61
-175
312
-105
-225
-139
99
-315
170
-69
20
-33
579
-43
216
628
108
472
24
203
-150
-284
-248
-6
73
-285
-352
-480
544
27
-549
-2
-40
-352
296
-117
10
-72
11
260
155
-115
403
394
-374
-285
-156
390
-46
-146
-8
-57
-39
-273
-203
-68
353
330
234
93
-668
455
286
-94
-165
47
11
-177
382
-167
63
-308
-65
277
10
-150
-498
-87
-90
187
338
-311
205
-247
294
-111
142
396
-436
37
403
199
554
-127
277
183
12
-259
57
495
319
125
-126
-360
-50
-232
-91
282
313
278
139
-135
112
-442
282
-281
341
-162
571
-67
-29
195
-343
55
-257
173
127
57
316
36
-561
-192
-245
169
-51
-164
-208
-87
107
227
9
-113
10
-310
-117
365
274
572
-187
665
-129
-167
76
125
49
-19
527
-306
-280
54
-24
13
593
427
164
-196
65
-445
-217
191
-240
-157
57
-751
54
80
145
430
-132
-52
-201
-158
-184
-184
-501
-292
203
-87
-125
-111
80
-339
233
-532
260
109
-527
22
102
-305
-16
-388
222
180
-3
-653
-15
-45
-172
-373
-215
-126
-26
168
160
51
-263
51
168
176
245
-594
-369
-100
200
215
-160
532
-476
-83
177
-118
-240
310
-33
54
307
-204
51
-106
-306
273
137
72
21
359
-660
-73
-372
62
313
-217
390
94
200
206
101
-239
-185
-8
-120
144
-580
87
-25
-61
-24
-561
177
7
627
184
54
-278
-227
-240
492
-211
-389
236
223
-25
240
70
-326
539
-567
-87
375
504
-236
-1
-253
381
71
-89
141
-394
-321
69
330
-63
87
-263
451
216
341
428
-60
-91
-520
-113
171
277
70
-29
253
105
-160
-37
69
-281
-705
193
-251
233
169
-33
467
173
-90
415
-278
-646
-91
242
111
-69
179
-199
-303
-142
-188
-262
-41
320
-81
-235
-137
-57
142
199
452
-144
129
-48
-256
0
-565
-100
-22
-70
-189
122
-134
-219
-2
-87
236
116
284
-218
-136
-40
96
415
-615
-247
180
55
-474
-335
-298
-137
-126
156
375
72
0
-117
-181
-41
-94
312
379
-278
-528
-233
-509
229
207
203
195
171
335
45
101
-56
189
-615
190
198
462
-354
48
-48
-388
318
113
191
-470
-280
-133
-122
-543
-202
-43
-99
74
-89
-345
-23
94
-100
38
753
416
-88
-260
34
-36
-66
209
18
153
38
696
-413
389
-610
234
-277
46
473
102
228
315
-5
-191
38
112
98
396
-186
249
-328
538
58
-289
-72
-189
-661
-301
248
-317
173
199
238
59
-243
-270
2
330
215
-264
-353
-14
104
185
-41
-28
-348
434
-26
277
-49
131
51
200
-152
49
-63
-75
282
113
-301
-34
-96
29
-291
248
43
-294
-142
622
519
81
266
357
-354
172
-53
10
-93
-353
8
-442
-156
298
200
-136
350
-155
-232
584
176
169
227
139
-185
-175
85
125
235
-28
473
-339
494
359
83
78
-62
-209
-115
104
573
226
-368
-255
240
7
-263
-245
-304
449
-11
-3
-87
-154
-385
81
332
-88
92
293
211
-203
-82
38
433
318
-28
-482
-16
-217
234
-225
-173
18
-24
-225
387
-272
-785
-441
54
-19
-423
-475
1
369
112
-212
114
-212
-584
78
61
238
189
-7
195
-212
-361
-460
-178
155
217
-217
112
159
223
97
-246
-26
-268
-311
376
170
6
-235
-137
-9
230
159
-1
214
-168
468
148
-593
-149
-87
440
-10
0
251
299
-526
153
-334
-26
-84
231
756
-405
127
324
-46
-163
451
-90
-99
20
-126
163
-295
-184
-103
190
171
367
-78
94
324
16
213
-285
217
61
-118
-293
-4
137
65
-23
273
277
-214
-46
-100
37
-15
175
-266
75
755
-492
-36
-303
47
245
81
372
145
335
34
-247
92
41
53
217
-184
30
-193
223
-171
86
-304
-5
92
277
112
170
-49
-11
-117
68
138
143
118
332
-59
438
63
-189
84
-14
-7
240
-153
-250
52
-167
33
202
-350
240
124
62
-366
-273
-193
-121
20
331
135
-108
-153
352
105
263
-211
65
-181
-38
-159
-35
-49
-350
-297
110
34
-207
-135
118
336
213
-51
23
-258
106
110
-51
-123
13
151
107
368
-53
35
216
-40
202
143
159
-166
411
-372
-40
241
-294
303
-236
-380
329
-129
-237
361
-334
-134
37
-163
-116
409
485
331
-173
-8
10
15
28
44
59
257
297
530
-397
148
-391
-240
396
-40
-131
-41
150
191
-276
73
-215
-114
-183
387
-92
-331
57
179
332
-55
-91
238
-300
222
89
136
149
-231
52
-289
274
-149
316
74
-257
-264
-230
-131
106
-524
-253
-86
384
-66
-39
-423
-23
-279
199
555
150
-281
165
-221
-81
35
319
26
153
17
158
-26
314
-367
-194
-284
-177
-250
126
-166
-9
-136
-193
25
-334
-278
-425
-179
-19
296
-214
405
-32
111
43
146
468
363
-250
-107
110
-272
100
-19
-255
88
249
-241
410
60
-32
100
-663
198
67
-116
86
103
-271
23
-407
464
-26
-78
-359
-93
-24
70
-399
-94
191
83
38
171
-101
-204
-141
182
228
1
-252
-45
236
182
-261
59
-39
-102
-680
-256
355
-18
35
-24
103
160
145
302
117
436
386
4
-310
-296
-254
46
-322
-2
312
158
-52
-15
-284
94
62
-372
52
60
-53
-209
-69
-139
-330
317
382
-56
130
-396
-187
-15
-234
447
156
31
-451
-208
-58
-62
-245
-92
-45
-474
123
-60
-57
-202
-2
-29
-297
142
-306
326
-138
-196
-521
-214
462
172
-106
4
160
-72
223
-132
-279
32
-35
-398
108
-41
336
-196
-36
-292
138
-15
2
-109
-222
85
-57
47
19
123
20
-48
-335
-22
387
146
-138
25
254
4
65
-182
282
191
-176
-157
-224
354
-374
-330
-291
-464
-527
-403
-46
674
-223
118
146
-147
-96
-47
50
92
-457
287
571
-66
107
93
-127
218
171
373
47
769
18
-55
7
-22
31
16
-58
-268
43
-123
-72
-319
32
114
-178
42
-86
-42
-172
-169
-329
56
-371
-8
209
-199
332
-135
-73
-22
85
76
240
-119
498
-79
-518
58
38
842
-128
239
108
-310
-93
-260
208
-676
-255
-175
-352
-29
-128
334
-299
109
-124
-240
49
-33
418
-319
116
201
270
359
-87
-196
202
-145
-431
459
-132
354
-124
244
-105
321
251
656
124
-417
-507
184
84
-99
413
-451
-76
-72
-125
27
156
114
207
-12
-264
149
216
-98
-346
161
81
2
219
461
-254
822
-42
454
-85
-58
-20
-442
113
-180
136
117
155
-285
-107
-104
234
5
-247
0
-283
307
-234
-83
-167
266
-216
-5
268
354
73
90
127
-62
-35
134
-323
123
768
-38
-185
9
-30
210
-257
-170
12
44
53
-491
250
484
109
-340
-37
-347
-93
49
354
-272
-69
706
153
335
250
-30
-113
-281
-109
-70
-27
278
-763
-295
-8
67
-103
-215
263
103
42
-127
211
-800
70
207
194
-183
-353
-129
21
-226
156
-41
68
-361
-113
-323
384
156
-118
-66
478
173
-99
-266
-620
116
-107
514
163
-80
-13
-27
-228
-69
300
-131
-385
-357
-13
-10
-60
-326
45
-50
222
106
-303
-324
406
15
-45
-149
-112
4
340
405
-82
599
-157
236
-57
228
37
62
96
519
161
91
115
-78
284
124
-77
-373
-235
174
-91
100
-97
-436
-41
-413
157
616
80
322
84
-332
141
-195
-410
72
48
-282
-6
-374
590
25
-150
-12
194
182
-288
99
-55
382
-30
-102
-127
-232
-367
-319
125
-117
-451
-328
47
427
380
-335
-102
-176
-73
143
-56
26
-348
-140
241
106
399
-118
-90
177
-344
-357
-320
305
-219
62
303
-426
82
36
227
354
-528
107
-429
733
-172
-310
-441
-2
-328
169
-29
76
-246
173
105
196
-476
-66
-167
208
-282
-6
-175
190
23
-463
374
540
130
235
-203
39
416
431
-26
-6
-142
-85
110
-80
136
123
162
304
311
-22
34
13
-331
-160
264
215
-286
233
630
334
-130
163
-536
-393
-546
-312
-13
-160
232
-453
32
51
56
-36
120
-287
60
68
31
-8
-105
61
113
37
45
-225
21
56
-66
332
-422
156
-83
28
191
117
25
368
-358
-500
-194
30
188
-170
-13
36
-307
-3
44
260
92
-56
175
258
18
-136
-66
-55
252
81
-10
387
-479
-219
189
236
-227
-139
143
209
-60
367
-139
31
-160
-64
10
127
184
-131
71
595
443
-34
240
455
528
300
16
85
-70
-231
18
438
-1
-117
228
-399
307
-347
54
154
-123
109
91
536
-71
-415
-69
256
179
44
-45
199
221
-257
161
-195
78
-84
101
224
-33
792
-362
85
294
-32
-177
29
-7
-442
596
423
-451
-497
-304
-1
108
8
389
-45
57
186
29
-362
81
224
-295
142
384
-217
-152
-305
174
-8
-7
227
256
-36
65
195
41
-63
-384
-749
169
33
151
28
-420
392
544
-276
-73
-586
-211
104
157
-132
-187
118
-109
-303
-28
-298
341
-382
-60
-325
-273
178
100
318
-91
323
25
-148
-331
209
118
308
-19
57
5
-57
204
66
3
-244
156
-84
-136
91
427
364
-144
-185
144
-111
-26
-594
-54
139
-137
-97
67
-37
99
-36
-3
-138
234
196
26
207
0
-58
328
-18
273
202
86
162
-80
93
82
-34
77
-425
46
-80
-257
-191
-439
-40
220
-254
-296
337
-415
46
175
15
-154
268
-577
-14
-29
21
-196
-321
-381
33
23
-132
-200
-257
-18
-393
-225
-231
180
306
470
339
-44
-32
-390
-463
101
447
441
-340
48
-218
36
-84
34
-153
-231
216
-153
-101
-50
-321
-112
-172
-144
11
-488
117
-127
136
70
273
-48
-274
239
283
-92
-154
187
-74
235
305
36
253
262
200
-387
-30
-67
-122
-321
-227
226
94
-88
-27
214
-207
-214
336
-93
510
405
-538
-653
-318
51
-78
-306
-403
217
83
0
-9
-125
494
-67
211
-164
-212
-51
-66
18
255
66
236
377
-481
-200
-358
-372
-294
24
74
227
28
-7
71
248
-366
-358
-49
-137
154
-362
-248
264
372
59
334
195
151
-316
-232
-195
-205
-352
-396
-42
194
-73
-87
-112
36
-76
-537
615
86
92
80
108
46
103
650
-97
-38
-213
-198
311
194
81
-42
31
-136
-15
127
-156
58
-323
-275
92
-65
200
-121
334
175
115
-626
162
-151
-36
-286
-69
85
231
-560
-99
-311
-375
-70
224
-258
-118
-47
-534
-143
-345
-93
301
51
431
-275
148
77
-152
354
83
-385
-156
50
280
251
-17
-267
-447
-152
-100
200
33
342
310
110
198
308
-125
773
154
58
134
-38
-66
-134
69
-227
-229
-50
23
-227
-478
-19
-199
122
8
-180
-118
-300
139
-333
94
-21
-185
-191
64
-543
428
-183
-136
91
-61
510
50
-374
-129
221
-334
-167
435
56
-414
-149
88
458
-221
4
-63
-251
-318
-358
-599
-202
-48
-6
-316
113
370
-160
17
175
474
404
24
-170
170
136
-269
-135
-506
-23
-141
40
95
116
290
105
19
377
-13
-85
-57
-132
-267
252
-25
445
289
400
-271
426
-378
-487
90
-190
33
237
-27
91
15
239
-338
-48
139
305
29
-4
20
80
-132
-243
-128
91
-177
181
310
-149
-26
-103
-19
-28
142
167
30
-314
72
-85
-231
97
-13
347
61
-130
359
258
-119
-48
58
84
336
90
428
-117
24
230
-156
143
449
175
-47
-105
-369
-13
574
46
193
303
72
-105
111
322
-78
180
123
-44
-270
261
237
48
-97
-379
316
-403
-225
441
-144
-16
-299
-169
197
66
563
-196
0
-30
-233
83
-36
-312
226
-168
-57
-208
-287
-272
118
-192
89
67
211
-329
81
-219
200
157
168
46
-583
-358
195
-154
270
-317
216
107
138
36
-254
-97
152
-228
321
274
350
193
-348
55
196
-146
-238
-344
-270
78
32
377
5
-39
138
-229
274
235
-267
61
-61
51
280
-195
-271
248
-697
6
7
-45
107
-222
121
-127
-156
-230
-177
65
630
329
349
-533
269
-168
179
-379
179
-188
-290
205
498
72
157
432
-450
-24
-393
-123
-72
489
45
69
-121
-14
156
-39
-78
0
-302
-472
-337
37
-167
-93
-147
-149
-74
-473
-38
-192
-183
275
159
-434
-218
-236
236
-101
181
-10
-166
-81
-479
18
74
-71
154
171
186
341
-223
-46
-70
137
-318
-166
-228
25
-13
-156
-762
-176
-564
-110
-173
42
-35
-198
103
-470
-187
-514
-222
-12
-344
15
-452
-215
-258
487
-328
-125
194
293
-350
155
-135
-156
271
-10
-70
403
67
324
303
153
169
-246
-16
101
313
-408
-234
526
46
-17
-7
124
209
229
-195
368
306
-170
125
111
635
320
-221
-295
-648
173
-210
0
-74
-438
71
-119
-261
79
-141
-135
23
14
47
275
-207
4
-270
13
228
-36
138
669
232
-171
37
-106
-78
69
1
-10
320
-149
4
-99
282
483
-166
371
51
27
105
56
-244
-18
-56
-50
-99
-38
52
-125
342
264
-100
70
-12
71
-56
104
-431
-289
-114
-416
-19
-253
-128
-4
169
133
18
-26
-31
129
447
-240
-52
-368
528
-311
267
-419
-212
9
-366
422
-24
569
78
-441
-433
71
240
-223
-293
-165
-210
292
361
71
-430
-108
169
-8
-9
-207
44
378
-56
-143
-225
-315
290
218
169
49
320
372
-380
-135
-143
117
118
-215
-615
-382
-564
-181
-175
124
248
4
7
544
97
26
318
21
6
-101
53
-124
-29
-237
283
-62
-16
-340
-67
379
149
-173
-104
-87
-135
-64
317
-157
-223
-292
-148
602
342
181
259
-163
-121
319
-10
-89
329
-339
279
98
-176
-18
121
-118
208
-190
91
-338
-137
14
-130
-363
298
190
-165
121
-264
455
-191
452
263
13
-505
-284
-83
-89
-94
-486
527
43
10
-346
135
-209
-162
-4
393
405
-385
17
96
230
4
-27
243
293
301
-214
-129
-128
19
138
172
101
49
-10
149
104
239
413
-103
-138
94
-106
313
-450
5
24
-239
-519
-162
-107
182
156
-67
107
-284
-166
-39
473
-373
116
137
-469
10
145
-97
40
-190
-588
-772
-107
94
-96
94
196
289
43
509
265
204
-392
-57
-184
317
-134
94
-73
27
-92
18
250
169
-456
-277
140
-106
412
-52
-261
88
-136
-188
-107
218
72
216
-263
249
-16
-157
-356
303
35
114
-322
9
-246
106
-44
-659
-423
-8
11
-102
-183
-20
-260
11
265
-106
-159
60
520
-336
359
187
315
349
-20
136
-22
-468
-139
159
211
-137
-317
190
288
41
55
-24
-197
-67
101
-262
380
-40
-645
214
-315
-244
-168
-52
22
-395
-4
24
-415
-167
284
45
361
170
200
-527
220
-99
-42
3
12
225
23
508
53
12
462
-135
-303
594
-94
-9
440
-5
-277
-403
-36
345
-39
-300
-182
-57
90
-29
-237
43
-165
-144
26
-21
-129
-316
-314
-61
-12
88
-202
21
-247
-229
193
126
-92
236
302
-284
157
355
-64
-193
-239
240
139
245
-242
-127
-103
151
2
-226
12
-45
71
-248
355
-155
-57
494
-228
4
333
351
140
-268
-555
337
-231
-358
523
-517
-2
-415
113
12
233
-11
7
-142
-41
202
-599
-228
-161
380
-188
4
74
463
-311
-377
-135
521
117
13
48
-208
-276
175
362
113
-19
-279
-111
428
-748
430
-37
-94
35
-56
-640
-154
185
308
-265
-62
-355
-20
250
-53
-126
-428
55
-172
-55
-230
-319
-45
-168
306
-407
-202
-159
-424
111
-658
-159
86
274
-380
-75
-79
327
371
-232
-224
-165
-656
62
146
282
-191
536
-344
-332
296
-243
0
46
48
101
-170
-34
-727
107
-710
68
58
358
398
215
231
82
-153
-262
-157
433
68
-102
-76
56
-56
176
-362
-208
-509
113
171
183
-76
284
-209
-147
306
-672
406
362
196
42
208
-416
76
341
212
-124
41
-149
-178
-293
184
-240
-319
250
-249
-235
39
-343
270
-19
436
-70
-79
-449
107
328
-135
263
39
-219
119
69
-193
437
66
69
7
167
183
-69
298
-48
167
191
399
-322
-161
161
74
-212
-53
-180
-398
445
-300
-95
-93
124
-426
-104
124
-17
-60
46
262
-101
-275
-115
-129
-125
-98
-467
-282
91
-57
-457
251
-359
210
99
-303
-308
-39
468
208
-274
214
-537
62
-8
203
284
639
-726
-271
271
245
211
-645
401
-51
519
-16
136
247
-91
-574
146
-10
213
-33
55
92
-87
-346
-331
197
-16
-317
430
291
-390
208
-306
-396
-154
-155
-274
-30
3
-255
-30
-139
-435
0
-255
92
-179
-136
-194
-338
-136
-554
104
-419
-89
297
74
-37
-392
73
3
-557
257
223
285
-23
377
129
-184
-91
-27
-117
432
-89
-89
0
409
207
41
-92
-63
-147
212
-125
-184
-15
-86
-400
-156
132
-315
163
61
390
149
-174
-136
-52
-190
106
1
-267
-309
-83
-223
450
-248
392
72
316
120
298
-327
-403
111
-282
165
114
-37
199
-174
246
-219
311
74
-665
-394
20
406
-188
186
237
181
-321
301
-491
180
-279
-72
176
320
47
109
4
-404
-100
224
-102
120
-384
94
-232
186
-199
146
-178
478
13
699
255
-351
135
-408
130
-2
-489
148
-338
-234
-149
-37
233
-31
161
-111
267
-88
274
240
-162
-457
-213
118
-351
-38
117
-192
-205
-46
-71
345
233
160
-30
133
-206
-369
-134
-120
-110
-16
69
-317
507
150
181
34
-111
213
-393
563
-330
422
111
-177
-469
-30
4
-27
-451
146
-213
78
-139
139
241
59
117
154
-134
169
-131
94
664
-473
351
-76
-440
83
-253
500
135
164
53
-80
2
-214
162
556
-335
142
-205
0
184
305
58
-1
-606
-61
-146
213
49
174
-29
25
161
-471
-63
220
163
167
141
-81
-195
151
202
193
199
-267
-169
384
-2
193
229
-249
-58
255
-85
-207
-90
601
175
78
-112
673
61
-238
-35
-223
181
-80
-23
165
-116
440
63
-152
-146
-330
90
-70
44
197
-80
-153
-19
167
-390
-222
-55
293
154
-189
-11
-354
152
-307
-120
281
124
100
132
545
455
461
138
422
-307
-291
-346
269
-93
-17
-438
-40
-431
-425
-341
-55
347
-198
-152
-387
157
-262
112
-75
353
232
446
-205
201
0
113
351
-84
432
-207
436
92
-29
165
653
-232
-45
-562
-511
110
-192
-258
-192
-66
-316
-17
56
105
139
-91
50
-179
-173
-119
260
-241
-374
259
-137
609
-198
-63
-444
-12
97
188
198
-39
319
57
157
33
24
-36
157
213
198
45
43
-83
140
-395
-386
-87
282
211
-58
-110
-17
204
365
111
-369
41
82
36
34
-108
-277
461
-349
403
-3
81
216
298
-183
100
-82
-441
-303
-68
302
-249
39
-131
148
-45
-98
119
-78
165
-508
-443
10
-321
306
-71
-282
-255
351
134
303
-220
-65
-122
-485
52
7
-490
-253
45
127
-93
-11
427
-25
267
-222
-297
46
165
51
403
367
124
25
54
-17
-57
90
198
-94
-390
-386
71
-93
31
-229
-147
-14
33
112
618
-248
-132
-132
337
26
319
-20
158
329
-208
125
-283
23
-46
-120
89
84
49
229
496
-235
185
221
-131
44
-210
27
-35
-329
149
477
-430
-251
353
-318
-412
-189
569
-106
-447
-57
-204
165
45
-420
-2
-370
-71
323
-60
-431
207
-416
195
36
-253
229
381
-192
-29
-61
468
248
-547
-291
-192
-316
-251
201
189
-230
-30
-388
261
126
-153
-218
-254
219
219
81
-62
64
-122
-380
372
340
307
-321
120
189
-96
-121
248
-235
169
-34
-400
-447
-287
204
-22
-55
94
-553
403
8
-157
189
185
-212
167
-77
-354
21
-228
-401
-161
-30
72
53
19
274
289
159
301
-367
-125
31
100
53
-383
138
-299
311
178
324
25
26
410
84
-238
-327
402
185
-702
580
-103
455
486
-82
-52
38
-373
-384
-221
54
341
417
417
-112
-349
-371
264
208
-412
187
-97
147
-266
-442
-14
313
409
107
-146
-67
146
-67
-197
-32
302
120
373
12
104
-135
332
-433
-96
89
-414
-49
18
623
248
-238
733
-458
139
627
4
-357
151
202
-53
279
233
26
237
228
137
-176
-304
-126
301
270
130
132
348
-54
114
374
-98
186
305
54
-259
-144
33
70
189
15
-119
652
281
176
172
-126
-460
-52
0
-1
271
-374
110
-159
317
43
508
28
309
-117
236
339
-244
-173
85
-193
-99
-160
-334
-9
36
-202
-25
-371
-242
-222
-78
-154
57
-265
197
-122
469
-27
116
25
-117
-219
-198
181
4
-26
-60
-64
-246
126
546
251
-463
10
132
-8
332
-51
-213
443
48
-45
-277
248
366
-62
-159
-101
-347
338
0
0
392
-197
-102
-29
258
387
234
186
141
-717
-101
-182
333
-141
530
-93
-229
369
44
72
279
-51
-174
205
-87
-120
-177
-11
-158
222
-37
83
-348
206
169
199
385
97
166
90
-123
-34
-34
257
-218
-459
251
205
-119
-362
-286
227
19
313
-170
-87
-129
83
292
191
458
-18
319
18
-473
503
-61
-40
134
-489
239
216
30
128
-50
195
232
50
351
-253
-253
-634
197
-22
-219
163
-63
59
222
172
416
192
-201
-206
-351
-103
263
-388
-123
157
210
32
147
539
228
-201
-357
83
203
-106
182
-10
-436
149
-257
185
242
129
421
131
83
132
41
490
175
683
-322
16
-156
180
-38
82
-87
88
-119
74
119
31
143
173
-103
171
126
312
26
178
-171
-330
49
49
-172
-511
615
158
96
397
-375
93
-3
306
-106
-433
210
-454
-271
186
296
72
-100
-508
-113
-240
-82
-236
-135
425
-646
-580
133
-97
-274
-332
46
68
197
337
-109
23
-25
-13
-61
-316
56
63
23
239
170
-460
-250
257
-112
67
-75
317
39
23
-382
-420
-100
240
-198
366
-152
106
-127
116
357
245
427
-185
-290
-315
-58
-329
-238
-194
824
56
-16
-161
-274
0
-260
-403
-418
436
-169
-424
-85
173
-2
-289
-23
-150
263
374
62
-475
-53
23
-139
-128
98
150
296
-191
-62
-33
68
134
28
-136
215
268
413
238
-581
-188
12
47
-334
-180
-45
128
-160
-7
-183
124
-21
454
-113
-277
-131
-114
483
342
77
-28
-566
-196
3
-142
475
234
60
219
-300
415
582
-46
143
-51
-139
147
298
431
481
-305
-88
-23
7
-571
-3
455
-453
-42
-75
102
-71
-196
150
-6
319
152
206
313
-426
190
45
-263
-78
-213
-140
-58
-100
448
-116
-51
-203
193
140
-154
-275
-59
-187
154
-488
-118
464
146
-289
-54
234
263
-239
247
-114
-336
247
-33
-36
-71
49
71
-277
-158
-232
415
-210
168
341
-189
9
-245
-27
-134
215
-158
-34
475
-255
338
-3
142
-32
124
142
-116
-155
-273
-128
-124
-23
-246
0
-19
23
314
-4
-120
56
370
110
273
-415
-303
-283
304
-343
192
54
81
320
246
545
-195
459
-89
-98
72
-279
63
-77
114
244
372
-165
-95
260
307
276
-100
-26
-607
-90
-274
142
-437
-175
15
10
111
-242
332
296
127
58
-156
-466
-11
626
238
-39
11
361
289
-226
-118
215
-34
193
254
-399
-86
66
154
45
186
268
-92
172
-122
-59
104
72
198
105
-33
277
-209
370
277
-60
-424
286
274
-98
-50
-358
-16
-29
-98
-226
-212
371
-422
-656
-288
88
250
-202
498
91
28
-71
118
154
-136
13
-452
-13
510
401
367
-151
-309
-172
-196
61
-221
-418
457
96
402
-370
215
-307
-88
-196
-162
423
-159
125
216
-251
-370
162
-142
-129
28
-130
-305
190
21
13
293
199
138
312
531
-636
-108
258
-192
20
143
-105
33
-134
-97
16
66
-266
-124
9
-107
3
-255
-209
56
-138
-395
-111
108
-61
-416
84
-604
64
-58
84
242
0
101
-97
-184
246
-246
-113
332
12
337
-3
-552
-72
273
-124
270
-130
-149
467
-321
624
-330
-321
-274
91
581
416
237
107
179
70
15
-69
-5
-276
74
-203
-141
15
53
419
244
-29
104
80
-11
-370
-371
-268
-275
-251
257
556
-43
-101
-207
-79
445
118
-100
-142
-336
-12
-84
163
28
414
408
197
33
-338
-120
-76
-112
231
196
236
431
369
-643
104
16
-85
447
95
-69
-410
179
117
606
127
-92
-445
-297
-3
-19
323
60
-271
-371
50
-95
-175
461
126
191
559
21
-172
261
-145
215
-505
178
8
443
274
-273
-55
453
-60
636
61
445
109
-176
286
579
-29
119
332
742
387
-293
-318
-150
148
544
-12
102
201
-157
-323
-60
-402
-13
-131
61
-226
74
64
346
46
-245
-46
782
388
-259
-44
104
44
90
-68
-206
11
-20
274
-282
-154
885
-124
-176
275
36
-118
45
212
-201
-226
229
-87
112
-209
197
90
605
-355
-97
170
-217
207
-22
-196
104
-66
-18
-76
37
-6
412
-225
6
-80
-385
-128
260
-4
92
204
310
-166
90
63
-71
149
589
326
265
199
282
-27
50
49
-101
296
359
543
-469
-309
-339
107
282
232
377
-212
260
-178
-379
-189
-158
137
-72
-36
-202
-157
-16
30
86
-358
149
46
-350
168
-576
-181
-76
-198
-183
703
-114
-138
129
7
202
211
-31
213
-141
-159
30
-150
91
155
-432
77
-239
176
-130
354
72
110
32
-230
60
-308
-440
151
-250
67
129
135
-215
100
-298
383
-589
310
-62
-308
-74
15
-176
161
54
-119
23
-176
662
580
420
181
-423
-410
263
-37
181
198
-140
-49
564
-95
346
-46
35
-28
258
-177
71
-526
-146
-78
-80
-227
-594
122
10
20
212
-426
-544
331
-250
36
-182
-293
-293
-205
392
555
196
399
44
-345
458
183
-49
-115
72
-322
92
89
126
-226
-329
160
135
-368
-72
-136
-137
53
250
583
310
144
9
-276
28
-55
454
251
-19
170
-258
-390
41
219
-433
312
-30
231
-58
462
3
-205
113
31
-135
-216
294
-28
260
46
18
-18
155
166
-9
165
388
-344
79
-178
-227
-466
99
-74
-18
126
134
31
585
-96
-104
66
-289
-207
-19
211
-68
-135
-153
146
36
-5
-388
-490
252
-60
340
37
-55
173
-186
-65
116
-22
-314
-294
249
-41
-691
261
-415
111
345
-330
82
-168
420
42
-3
-469
-239
-240
-236
166
26
314
-56
-61
-307
-136
44
176
60
117
-154
-206
-145
-469
-117
-113
353
-183
-338
434
-246
189
152
-512
385
-9
126
-94
-99
313
83
230
560
325
561
55
-400
-565
17
-398
-256
-350
43
-233
280
-50
-224
-134
105
37
-190
59
301
36
-367
-92
-228
-588
6
-128
-372
455
-340
-483
-57
186
193
376
-12
-140
-309
280
46
24
153
-403
-609
57
106
-529
17
-224
-57
73
-32
-135
-163
-230
176
-73
528
648
-31
94
357
-73
-132
37
19
257
368
-141
-11
-244
-445
141
371
314
8
206
40
-369
205
-118
-398
-62
216
-80
-243
-86
38
92
428
-175
418
96
-285
-33
149
693
50
514
-80
-383
-123
-140
221
-113
-88
-2
37
252
385
262
-434
-313
-13
160
-540
23
514
35
68
134
-131
-32
-508
-163
46
-344
459
-178
-113
-72
-174
-156
-10
-282
171
-98
-33
-120
368
7
111
231
-326
-206
55
283
273
-281
-53
264
5
50
-7
251
-250
-117
183
-560
-13
10
318
149
364
246
74
58
48
-170
-93
-119
-32
-135
-72
146
-253
-410
137
-16
-153
-101
-125
226
-235
-920
-283
-72
20
513
137
-178
-162
173
-442
26
-287
-215
-52
-316
-168
27
205
67
-288
-197
-68
-210
-189
87
172
275
-295
-102
-60
-653
-111
-188
176
445
-229
281
398
184
75
-134
-317
48
-131
-27
74
-45
-113
-412
-226
543
151
-40
-386
-26
126
333
-135
135
-16
-541
-425
48
18
415
-40
232
11
-37
-323
314
-569
205
-386
-77
-136
0
245
261
-454
80
-133
-180
-399
-248
-207
-76
26
125
-124
-109
-30
0
-181
-296
322
-232
117
-229
-191
290
-63
12
253
440
291
103
184
-2
-456
71
79
-106
-131
598
-230
-11
161
-312
-89
126
-215
-279
290
139
-511
-131
401
-380
299
43
-38
-439
53
-72
174
46
-82
314
-63
126
328
-55
-400
272
-114
160
-115
-178
-102
-190
-259
58
-133
454
-251
426
-323
41
146
210
-183
-188
-141
-109
-344
59
-302
-50
-175
31
-130
265
0
-242
13
240
364
180
-12
0
-21
92
294
-317
154
-478
-75
-139
-339
3
20
303
5
142
-174
-98
-4
-78
-295
75
-289
-393
283
-439
41
893
211
-162
-154
63
22
90
176
7
-17
-161
-44
-211
49
-55
270
-193
-391
90
87
340
192
-306
98
28
238
318
268
-182
102
-305
-419
160
-82
571
-256
665
185
470
273
161
-459
51
-161
-529
-82
-178
-21
-192
100
-388
-75
91
-246
-79
-773
-321
78
-3
-3
-9
-280
142
-170
99
501
-148
218
-84
-199
140
-55
127
464
-21
-53
123
52
65
-309
-251
-205
292
202
315
-401
180
72
565
270
-8
-32
91
-350
-365
-66
167
107
75
-39
240
-34
-209
-317
-121
-298
-215
-359
265
-222
-136
142
-375
-277
481
-220
130
499
159
107
570
-210
-460
-164
-192
-2
-159
234
162
-335
210
-28
-629
178
-423
372
-8
-60
206
26
267
146
-91
420
-592
-162
-258
-82
40
1
331
29
208
-178
-189
60
-3
291
-126
172
29
339
-12
19
284
-344
144
-81
-169
240
-89
133
435
305
647
-251
-448
83
304
71
-643
63
-6
220
-361
255
-373
-312
-664
451
-610
221
-45
-84
336
131
149
613
340
705
-290
-458
20
64
63
169
65
-45
139
-42
164
314
-588
-74
164
-257
430
254
121
-292
-190
-65
241
202
418
-33
-263
2
-341
301
-243
172
257
-211
-268
-488
12
62
23
44
-75
-472
-168
-351
-75
-151
-255
-267
-210
-334
115
296
-134
106
251
456
-259
146
-153
128
-15
195
-338
-111
155
-12
-96
-384
16
160
213
80
10
-501
385
-506
-149
175
156
-333
65
233
113
328
26
310
-142
-127
161
94
285
397
-594
150
-428
-353
-294
-116
-75
-280
319
37
-356
-213
-68
385
-206
-278
612
-103
-122
-40
-168
73
0
-27
38
92
-637
-384
106
209
-383
320
-236
-248
-172
-246
23
457
-81
-399
199
-18
185
-217
110
-183
-129
-183
49
-466
-394
-117
-117
53
-525
388
211
-101
319
348
-537
86
345
-29
-28
-165
120
24
-54
357
-120
-220
480
-34
-92
126
55
-341
301
42
-11
75
-218
-69
110
153
-162
29
-26
229
88
82
171
94
-331
534
-80
-25
-10
-362
-151
114
-38
-43
99
-219
-147
439
-179
-71
-262
336
70
182
-69
-14
-16
-198
-449
338
228
333
-349
9
84
157
344
-5
425
-492
131
-262
163
407
-164
363
16
476
173
-112
35
-179
187
-186
-96
-720
-220
-213
312
215
89
60
234
1
402
102
-125
216
5
272
357
-411
5
215
-404
-79
-200
211
-250
-33
-298
322
100
-46
-393
17
179
7
51
64
-464
-302
-253
156
51
-173
-347
188
-51
-688
-328
499
41
-359
360
16
280
-226
478
-27
-78
-181
-100
-181
488
-143
255
183
-99
-248
-17
290
167
314
286
-230
-4
393
-511
-8
57
242
108
-300
-52
244
406
202
-141
-171
-178
-357
-143
83
360
-20
64
125
83
378
268
-128
-661
-357
100
33
155
-163
274
250
242
-232
-268
-34
-245
-57
-356
430
-223
-110
-326
110
302
640
-296
636
332
-46
-116
14
125
489
-105
182
30
180
35
305
-44
237
-204
-164
297
-269
193
-36
-350
753
-369
-22
-121
-212
230
-50
-173
286
59
-263
-51
-568
51
12
342
121
-182
-255
154
-467
61
59
646
-362
-95
415
52
166
104
-57
-193
-23
278
-68
-145
-203
-427
-220
81
-247
11
-131
-284
43
753
-601
-339
-127
-45
-4
653
452
-25
85
546
-125
29
-62
-332
-459
-175
208
81
488
207
199
-22
-66
17
93
-96
53
-87
35
-201
132
348
-165
206
-84
69
152
126
120
-208
103
-216
-319
-199
-76
194
-666
59
15
337
-151
284
268
-74
56
-219
2
-239
498
-544
75
319
-440
208
-270
-271
157
157
194
334
396
-282
84
135
653
53
-586
-382
-60
-187
553
-301
-338
-191
-146
-648
304
-177
21
-147
246
97
-137
-253
-18
-505
4
-4
96
4
-335
444
216
-99
-86
127
-714
-101
-92
124
-43
-299
-467
-108
122
119
59
25
121
-188
317
-673
-392
-326
395
419
256
253
10
-122
289
171
-83
187
-213
-56
212
-28
-257
-201
73
-303
-687
303
-128
-195
-194
-445
-91
-84
39
-413
-200
238
-110
-377
-326
-229
284
-112
-65
-333
-269
458
136
-27
321
-32
34
-63
-102
-54
300
130
-40
177
-28
53
-68
-56
360
-119
-318
-194
-139
332
-23
-180
-476
356
-524
273
256
-231
-78
-59
-32
-212
-206
-62
-499
-185
114
32
154
-260
-58
269
56
-538
122
-147
-180
-349
-235
29
-16
237
-591
-555
162
-409
-55
391
-173
493
201
-67
-227
57
-137
-143
146
79
391
-101
-51
342
103
-270
-269
-257
-415
-285
-139
-432
549
-136
-300
72
178
-90
-338
379
382
-21
-294
68
-491
342
264
109
-280
287
-32
-101
146
-189
6
-44
-155
-601
-230
256
-158
822
435
-46
98
736
-85
-95
-28
46
-147
-136
368
10
-158
102
90
-155
-144
23
39
395
-247
-148
90
115
-488
63
-221
206
-208
-63
40
75
-50
-91
-243
-160
-352
394
24
-400
157
-403
-228
-9
-259
-68
121
-474
392
174
-167
514
-280
269
-82
492
84
-50
-40
-26
-35
-85
-107
-160
-2
63
160
52
-12
-111
48
39
-98
261
174
-177
-196
-147
3
-215
-55
113
-68
44
-133
-230
81
-449
625
-258
-197
-78
-172
-168
78
-39
-121
-387
-248
29
34
-363
-53
-636
98
-114
263
108
293
-103
-18
-217
224
28
-45
308
-474
261
-210
16
-476
39
-194
-299
359
-352
-108
113
122
-343
-97
440
-117
471
78
132
-579
-110
330
-109
-204
-112
133
-245
-131
-241
-286
412
-326
181
31
306
162
-18
249
-106
0
-195
-136
112
-338
369
104
400
3
-115
275
308
-223
52
63
-45
-294
-316
617
300
408
-424
-596
342
-261
251
163
170
-26
263
68
-136
-109
-309
-50
130
281
-85
-117
-211
-67
-184
-1
-71
468
-69
407
-154
-47
-63
-43
-311
-114
97
79
94
-130
-288
115
-593
326
1
229
-44
-213
307
154
1
-134
360
397
-154
-173
-108
-332
-55
50
-464
-183
240
23
-567
54
235
267
233
-145
-147
-99
225
-263
-171
114
-97
-392
85
272
-189
-46
-80
8
223
84
-140
-162
124
-354
-260
82
109
-201
-48
363
-357
1
-275
311
-301
-93
-31
-172
-84
-9
151
-434
-63
-102
-101
407
-149
240
127
-120
125
21
100
-149
272
-123
-57
311
-40
-25
137
427
-141
36
99
-83
-140
265
-98
363
-335
75
156
116
-224
-341
-208
269
326
-150
516
-53
207
-1
-55
242
326
292
2
82
92
531
-208
-19
-230
-14
-115
181
-259
479
165
-376
-194
-154
-404
350
-181
-137
-285
13
-55
23
146
-134
-72
-241
-622
-30
-375
254
50
94
-81
-349
261
82
-285
280
-183
231
164
-29
270
160
-468
226
576
253
24
14
-164
-132
-28
-152
7
522
-238
307
-38
-18
-30
431
-97
266
317
-281
86
91
79
-199
63
-14
-303
-197
-163
143
451
-16
-335
-161
-9
-158
97
-54
-299
333
181
0
37
10
56
-289
350
267
-393
-435
294
-72
-32
4
157
748
14
-104
-104
-22
-174
35
-17
-140
-190
19
-150
-507
-137
-26
-314
228
206
202
43
207
-80
-274
222
267
-334
-84
24
415
258
195
-176
-9
-47
-153
-166
476
-77
201
85
10
-240
308
-41
170
295
-120
243
88
161
215
865
-142
-583
324
-43
147
-314
691
318
518
-317
-321
443
-544
100
181
-215
-21
417
-157
236
525
210
126
221
-69
208
-95
124
424
97
-330
502
-14
-39
-176
-358
95
-163
-161
-672
-12
-251
256
-96
334
-314
-200
-22
-35
-529
336
-138
-478
-108
318
-517
296
85
-39
-84
139
142
206
-253
-62
112
289
397
5
795
-156
164
90
-143
348
219
559
-533
-36
-56
88
453
53
-24
-177
-369
-366
344
300
25
-640
143
-445
173
298
28
263
-251
-395
-210
-164
-18
500
-77
-558
-106
-53
8
188
-49
5
-158
-316
8
-46
-222
-317
695
219
7
-105
435
-284
23
-38
-51
-224
38
-27
-690
-166
-353
346
53
260
-92
264
197
-375
126
126
-188
152
-240
94
50
526
467
-169
251
470
-435
-6
-185
-136
-63
235
282
358
-120
198
-74
89
-694
84
-107
335
303
225
87
101
-135
325
320
-61
182
-178
274
258
-69
623
-46
-301
391
73
281
271
248
-394
-95
-243
422
-166
484
194
-381
60
-103
-84
105
-119
-393
180
-59
-287
393
-46
-121
87
-171
182
-64
-270
-351
-92
-109
204
43
201
-70
345
43
113
-214
115
-399
-89
-218
407
-78
63
194
-147
-476
266
-445
312
136
-139
-126
-218
11
-146
156
82
-203
-170
-238
132
691
24
133
-87
-418
-302
-258
225
215
137
-227
-178
229
292
72
166
397
240
434
-63
-126
284
-10
-67
596
34
-281
-90
-254
-318
-83
-53
157
380
-154
-423
107
-434
-59
-185
-41
-110
2
120
-314
-699
79
124
-65
-195
-90
252
512
36
88
287
-116
-198
343
19
-386
-23
-327
-56
52
59
55
-131
51
-58
-177
-300
-71
-410
279
-297
288
-256
6
-66
118
-40
47
-176
3
-118
-205
-55
-349
-87
74
-291
501
219
341
-38
-33
-162
-291
206
-318
-231
-318
-540
-127
-223
296
257
127
93
167
-99
-140
-21
518
-273
92
83
-304
68
-277
193
-104
309
-44
-92
-167
82
99
-136
-135
309
-333
195
-27
114
290
-40
-164
-154
248
193
282
245
97
-64
507
-43
647
-18
218
-55
-305
201
-45
135
-162
130
-175
148
410
208
-183
-96
338
-130
2
-71
-144
273
46
5
69
239
-144
-763
-187
-163
80
354
-440
-45
-74
664
-530
-144
-34
-178
8
288
-378
-137
-61
-301
30
-62
134
469
-354
-2
-13
-16
45
-251
81
-46
252
-297
16
35
291
-117
413
-220
19
-531
247
61
204
-182
-117
275
196
266
-298
-4
74
-191
-262
289
-164
123
113
-63
184
-250
-37
149
99
-435
-237
-103
10
-580
220
-135
-236
-204
99
-3
-154
-407
-163
-217
89
-502
118
204
-324
-530
123
565
-34
-31
189
-330
-169
17
-484
-2
572
-74
-110
158
81
-68
191
-408
412
-321
-68
-423
83
58
-459
252
247
-325
212
446
116
231
0
27
16
-195
30
-164
-177
-163
19
-85
-208
168
10
-203
49
419
398
-69
114
-476
68
144
-209
192
138
30
-402
293
-40
-407
291
13
171
-57
53
322
-215
110
14
-27
71
-47
288
-252
-341
-53
290
-129
-12
-253
-260
157
55
228
201
-385
-117
-234
-267
-123
374
243
37
-18
127
2
-235
-460
-480
35
-51
-168
350
-10
-156
28
451
293
3
105
280
-194
38
206
84
208
-110
-102
182
143
317
-386
-195
112
-355
64
-394
561
161
-220
63
-117
-252
92
-274
-418
75
55
-65
-346
-156
194
498
253
-69
-254
269
73
-304
207
-37
-287
60
-268
397
444
440
107
-138
195
-381
201
-35
53
325
-332
116
-296
-650
-30
-27
139
-9
185
565
52
303
19
-89
-258
111
58
-308
26
223
-368
356
-285
33
-259
15
-382
-55
-13
237
-124
-59
168
-439
197
3
231
-47
17
216
-12
145
-75
-38
-103
-317
400
-263
-421
-225
-282
-118
-389
59
711
13
233
-248
-28
50
448
399
397
224
-456
-44
-161
101
611
-6
140
-137
559
-137
-134
148
-181
342
206
-426
-131
180
212
-105
-51
-150
-204
-270
-210
94
-295
-14
355
160
302
-3
200
-450
-472
-124
-323
-248
33
-11
-324
129
49
-106
-180
389
267
73
-66
93
135
-364
-224
161
-20
158
-145
43
-87
-244
-70
398
8
-160
114
45
-535
262
-82
351
16
30
31
-46
145
206
492
-190
8
-479
-367
-354
-2
-244
75
-361
-241
-143
154
261
66
233
-59
-320
-189
113
287
338
162
139
67
-144
76
85
-111
-217
-455
20
183
-157
29
21
-64
738
216
-498
196
-125
-451
-89
214
298
200
-134
5
164
70
-344
20
-113
105
-543
-202
160
-41
81
339
489
-90
-45
173
61
260
-474
88
-375
-69
-181
-171
-368
-647
223
292
157
-44
141
-290
78
-97
377
215
458
-93
75
179
47
69
-304
13
-93
-539
-216
184
175
-393
27
-368
135
289
-61
299
6
37
276
-52
302
182
-46
156
-187
338
-120
-30
-502
20
-231
-172
-148
195
-204
-285
-7
190
-8
-399
-945
61
415
27
214
-276
-341
-101
45
-402
-67
-147
14
416
353
-41
138
97
-138
98
96
167
181
418
-211
122
198
153
-272
-25
-168
-110
62
-49
111
-35
-24
-236
67
114
183
-64
-87
695
0
-457
-38
-618
475
276
-17
10
-31
224
160
-69
665
0
-155
209
66
-384
-88
-131
226
397
291
116
-54
-258
-12
-508
-22
223
171
386
-145
-69
295
236
456
-283
227
306
90
525
114
-631
287
-411
-133
135
575
-181
-17
347
-484
161
-274
-491
-2
-15
94
238
59
408
331
-201
-25
-62
-481
414
-116
276
-101
253
-123
286
82
175
179
77
-145
-210
549
388
82
317
-155
51
-409
-194
-38
-38
34
-350
12
19
64
191
-145
-381
115
92
74
367
53
199
14
31
-149
-8
52
85
339
365
413
-65
22
275
15
355
-591
407
-176
-17
-76
212
-45
516
144
-52
238
160
-44
319
216
309
-262
-76
-103
217
258
260
-88
-180
-77
374
460
119
-95
-76
91
-685
93
-96
-194
-3
-225
152
-21
249
-518
82
-395
-154
325
-132
355
515
175
144
-437
-31
205
752
-139
139
-77
-31
274
43
-298
-408
294
437
-459
-80
40
-79
5
48
244
-70
708
106
-103
95
94
-209
-10
217
106
-119
181
-32
90
-53
-306
-9
42
553
607
146
-329
-454
-567
607
16
107
-107
-299
328
7
0
-64
276
11
-29
338
319
-198
91
-185
526
148
-542
-111
152
-25
-66
-150
367
-322
432
25
272
141
-47
92
83
-452
-158
225
-12
35
-161
-320
-238
-353
433
122
-55
-112
437
-1
-160
78
220
100
169
-87
-33
27
138
344
99
-384
-429
280
-107
569
369
-186
-296
11
42
-105
-276
7
-50
61
-107
737
-74
-28
370
334
804
511
349
-104
-497
35
-70
-84
96
-37
-18
-67
-262
-25
362
88
-79
-178
43
150
77
-230
-274
250
-210
-359
-219
-241
22
110
257
-50
-231
-330
-214
-328
-113
225
449
-242
105
-286
44
-154
-62
373
154
103
350
-223
-61
98
302
263
110
174
48
132
345
-251
-255
110
381
68
-220
393
-60
30
-503
32
183
9
244
-241
-242
105
404
-160
21
-335
216
-241
63
38
-234
219
-451
274
-284
583
253
204
-194
133
-150
-126
153
-252
146
-293
0
100
159
168
214
45
-106
-29
363
116
268
40
433
54
155
-215
210
255
261
169
-260
-172
-262
189
155
110
123
39
-44
-106
-143
-160
276
133
307
706
241
125
76
-91
381
275
242
354
-317
-235
168
302
38
294
180
-186
-185
173
141
-304
47
-183
-432
65
241
-288
95
-175
217
140
316
134
-86
445
158
38
-3
-281
279
80
-59
-254
71
-223
-78
-361
13
0
112
265
-226
43
-54
-147
-105
82
-319
-29
264
-456
-58
62
-31
299
-237
-224
-244
78
234
304
-80
-146
68
171
-362
-46
228
83
53
294
-69
234
-90
185
95
-169
-179
-67
-385
-76
198
138
-229
-83
-72
81
200
277
-303
232
185
-34
107
87
333
-28
306
-160
142
-531
124
2
-489
-423
-252
-107
-76
-120
-74
-162
374
0
171
78
56
140
76
-78
406
-49
-192
630
363
-340
-428
-53
32
55
-320
-320
3
-134
-382
458
204
-63
29
-214
-276
-373
162
-49
54
-165
353
100
624
220
127
117
153
358
-234
100
-56
-249
-207
-40
83
-243
-323
-509
-40
-68
-265
-151
544
172
-87
-219
32
-50
335
-12
-204
-490
-413
172
70
-280
182
-117
-129
-680
126
-28
-292
78
-8
-53
-307
344
-73
199
-9
-125
-166
114
-62
84
-31
242
86
-21
21
81
-133
17
245
-331
-412
-118
-17
-158
-130
-340
-166
99
65
155
-285
449
352
-129
-65
29
360
-52
-97
19
-273
68
4
-276
77
-287
-15
110
205
97
-132
-147
-310
265
-275
-270
-184
202
91
121
352
-87
-184
362
-272
-147
-14
-145
268
-139
0
-29
-48
284
9
-133
-237
119
53
-134
-362
235
-318
81
348
-171
-135
29
-36
279
-396
216
325
220
-174
-241
-205
326
-368
165
45
154
-160
52
-231
-585
-130
-94
-91
432
262
329
-371
109
196
308
576
-354
-11
130
-35
-492
-17
263
-175
407
-131
110
315
188
12
69
-11
-72
37
287
-121
77
-9
193
69
206
-253
-344
357
-101
-34
47
-32
337
-356
423
-373
50
201
-406
199
185
233
-267
33
13
-143
161
-206
-187
140
-287
194
494
-230
-234
198
-193
-2
156
274
3
445
-219
-38
662
58
125
-55
453
369
79
97
200
212
323
136
410
14
-199
-122
15
-119
10
-204
-50
92
-3
0
-478
-170
322
100
-242
237
-178
-152
206
-5
-194
-223
-20
55
-24
-159
228
5
-206
-297
-562
147
-95
-252
154
-416
108
-403
-133
-316
338
-67
230
-150
238
99
92
-231
167
-134
-112
317
-462
278
-149
255
250
448
-41
20
-153
164
-351
209
34
-182
-188
4
148
161
-243
-593
-31
-193
456
-106
302
-174
240
-316
-172
-300
-96
-581
-479
-242
47
7
-290
396
170
424
-46
-370
-243
-594
-26
-137
38
-54
49
92
283
141
-573
-25
38
-52
-93
315
-266
-303
-96
-190
-134
411
-140
-149
-196
245
194
160
124
-275
257
6
-344
219
-215
-256
8
161
15
-211
252
-166
-3
-13
-256
451
167
455
-311
50
313
-176
-148
-360
-369
-41
65
143
-95
-328
41
186
230
-120
192
12
-372
73
156
591
-112
406
-23
62
426
-73
-160
-286
-30
-253
25
-79
425
462
437
-75
372
-231
-390
-317
243
425
234
136
6
-104
-126
-135
187
-161
-34
456
-105
29
106
143
-31
-69
213
-100
205
111
83
-279
-283
-256
0
168
301
-41
62
-107
-174
-395
-113
220
145
130
172
71
258
146
122
-184
-193
-327
247
183
161
-89
-71
236
37
220
150
82
-283
33
34
383
16
251
-67
-517
-65
216
-251
12
41
227
60
-372
-309
253
-185
-27
110
397
272
320
-414
-50
-286
-16
93
126
120
406
122
-66
251
-289
-55
477
316
-201
573
-153
173
496
-69
-639
204
-444
-217
-61
0
-219
-451
5
298
409
157
-39
-313
273
204
232
-148
-156
215
219
209
490
-319
32
307
160
470
192
-148
-50
632
150
-101
110
128
316
-260
-120
36
-170
255
-185
-236
-168
464
268
152
80
-402
-780
-381
-143
-403
-71
-4
-87
110
21
-399
-613
170
234
-179
194
503
557
350
81
-352
-138
-339
-12
-377
-487
117
-347
-538
-413
-207
174
87
273
101
351
-492
-399
91
41
-117
-387
59
-323
-192
-260
-129
490
334
-91
87
183
-231
231
-348
65
163
115
526
119
102
292
-199
224
283
-121
-268
145
374
75
-348
152
-134
178
670
457
353
93
164
-81
-171
218
-143
167
-183
183
-85
-325
-81
-24
420
105
-173
-136
31
-175
110
-253
90
-9
24
228
-355
74
36
-307
-296
51
-443
-99
88
143
-607
119
-224
98
182
-4
-59
-349
461
28
-233
-541
392
388
-200
224
-85
-160
283
42
98
549
-379
-26
5
-339
-11
-56
82
-478
-73
354
19
199
303
276
392
123
182
332
144
424
-78
256
61
512
-262
-74
86
-141
47
-206
-395
0
278
175
-471
156
351
-271
307
-313
286
-163
281
-473
505
95
231
170
-138
-291
221
-186
-142
85
61
34
16
129
-50
-41
775
-161
-67
-314
-266
-72
214
-367
-105
-44
-595
-146
118
-26
233
-233
355
181
-407
49
220
86
115
166
-19
-145
-75
-306
279
-116
232
19
223
-70
316
-17
-318
-117
192
167
-69
-407
234
-465
-169
266
321
-135
-201
121
358
-100
-84
-32
-89
-150
-103
-323
-70
-468
288
-233
239
436
-368
31
-190
-101
-159
-262
102
-308
22
-259
581
-50
259
-147
-47
235
-363
-77
224
123
87
35
141
-55
168
-196
-38
-178
-205
49
-156
378
549
325
228
141
121
-351
-502
-62
-70
608
-259
604
-268
5
-417
395
-67
-351
446
-486
187
-248
124
215
0
297
-37
-99
-308
-471
-557
138
-133
175
441
242
-314
-135
-142
291
218
-201
380
-101
-221
171
-344
284
649
403
-53
302
355
111
260
-88
-17
175
-203
276
-201
124
-150
164
-137
-8
-162
72
-185
429
-351
-47
-141
57
24
136
106
-269
436
-26
-145
37
386
-206
41
94
-350
-231
36
-111
376
-332
-35
103
-237
-102
-46
-126
302
-109
66
-154
-433
-621
86
0
165
0
323
-161
275
-433
105
-230
-234
70
-454
318
380
168
-126
219
-646
-113
9
67
35
-54
-277
221
175
-201
65
160
147
265
-229
-188
-146
395
260
-346
386
-384
-110
-185
-323
469
-242
200
-25
-234
-159
-139
75
191
-45
189
41
100
-266
408
439
-235
-131
98
89
153
-69
258
-92
-239
2
-278
-308
-148
22
-181
13
-183
-24
100
-265
298
119
325
149
206
139
-4
-20
-180
-85
224
-83
-23
-199
409
-21
-214
330
97
272
-125
97
78
-320
219
11
-230
46
-101
-108
121
-133
232
-65
170
372
178
-103
111
-37
-184
-487
48
546
387
372
-419
-407
-177
-224
-206
-97
207
71
134
-605
131
23
160
-190
83
-198
-641
121
-230
3
230
85
245
-73
-766
320
-300
-265
178
126
-117
-420
403
-7
-256
-238
274
-60
60
-149
218
-55
452
53
405
-41
-161
-450
-143
-262
9
121
-49
-4
56
-249
-647
-757
159
254
253
516
108
205
-73
69
-179
92
-94
484
621
398
207
-122
-462
338
-376
-121
-28
-41
188
17
35
-146
49
126
221
10
-224
96
-29
-121
459
-63
-344
-64
-4
-219
-209
-309
-485
-139
-83
107
-205
-31
93
-110
-164
-93
-107
-284
400
127
-390
430
241
202
-32
-87
285
195
183
527
-292
-172
108
-68
-30
284
52
-44
-176
125
151
-176
-202
-335
168
296
-165
-218
64
-316
-120
163
16
324
0
-109
500
86
49
76
-62
-300
0
-145
-2
-62
104
-103
-426
283
300
214
-308
230
129
323
140
-156
-187
-194
602
82
-24
125
-102
406
219
-41
393
-4
116
129
-69
200
-7
-393
44
-146
-308
259
-254
158
-128
-24
133
381
-8
-190
-25
353
695
-426
-163
56
-412
-586
-41
-130
339
-183
-173
-101
358
105
238
230
52
-74
-380
-5
-156
-25
364
-395
-102
313
31
-461
108
-72
53
-477
71
228
121
285
-207
177
-141
-43
185
-47
-204
44
-597
274
-1
-176
49
295
160
-106
-127
-113
121
-255
-14
-227
387
-102
-130
-91
-227
-32
309
80
30
-268
204
209
-364
13
215
-609
79
520
-34
244
79
-7
43
-164
375
210
134
-241
64
-366
113
-342
-557
-168
432
-264
2
-109
45
282
-320
511
-193
-115
-32
-234
-137
103
-432
-282
77
408
-360
681
283
61
117
-46
-488
-77
-152
43
97
-5
30
137
7
-194
564
195
361
-166
200
165
35
549
-119
-94
-212
123
-109
512
228
-117
-119
144
-53
16
-270
214
-234
-769
221
-81
337
198
-95
-255
333
148
-50
118
432
-242
-270
161
-56
307
58
195
-160
3
-31
-91
139
330
-36
-6
618
80
322
-4
-74
288
-32
-178
111
-254
-18
-2
155
-374
95
-64
-142
69
226
242
-453
-87
276
104
283
-130
3
206
36
123
102
-475
21
27
203
9
-4
146
-172
165
-147
147
609
-227
-9
-404
-138
236
224
430
118
142
-191
-27
-146
-305
56
-33
7
-184
18
-369
283
-444
-79
131
13
-428
-117
-368
83
-565
-75
390
-190
31
-244
-200
-290
540
363
191
-27
-502
-213
510
-170
249
-205
256
112
305
-68
423
-7
445
306
-69
-106
-235
248
63
508
92
268
-457
126
-134
309
183
-31
140
-306
-104
43
-128
507
382
345
33
578
271
174
-50
-24
-50
-3
-127
374
-137
-46
1
145
194
52
-69
278
-294
17
-406
207
-13
18
-2
-45
205
430
-70
-133
119
257
-262
-81
552
45
76
-455
60
149
222
-41
-467
269
-188
57
-54
287
-134
215
-116
54
-90
-102
-91
136
273
92
-158
184
603
201
-28
-26
254
215
-54
15
43
249
-64
-130
53
-101
172
473
138
554
-102
-268
-138
-32
-221
-190
440
-90
342
-162
275
39
217
73
354
278
-490
-165
-165
150
-34
85
-272
297
-53
255
120
-201
-230
-396
-304
11
-62
82
148
-2
486
386
272
-686
-382
704
402
30
69
-162
-428
-172
270
-426
263
210
-83
-143
-217
-314
-174
239
-21
-155
-145
295
-432
213
385
487
363
171
-55
-50
221
-55
-185
223
278
-261
-127
14
46
208
208
-219
-47
250
-456
-109
314
261
50
-245
14
153
-284
-265
-435
60
348
33
394
13
84
-88
14
64
44
8
179
386
-115
-111
332
226
173
188
-441
372
224
-163
-257
-117
-191
-117
1
77
-152
260
-49
-518
254
-421
-74
-121
225
521
-50
-99
45
-393
196
60
34
-529
-113
-75
190
135
20
222
30
111
101
118
162
-163
-78
119
-31
302
-18
123
9
-102
-68
86
144
-252
137
206
-195
90
291
194
123
140
-71
-138
-274
627
-126
-233
271
166
-284
95
302
267
-46
78
397
-82
87
-195
99
-151
800
-16
75
226
-356
-531
515
132
56
-117
-187
-19
71
-15
197
-40
-143
91
90
450
99
73
-385
34
-291
-444
-280
-228
258
113
-48
130
311
-144
271
-14
94
-13
466
77
262
-514
12
99
56
295
210
23
-354
-373
-310
-237
41
-262
921
154
145
167
-238
43
361
-526
235
2
-9
36
-58
248
261
-264
465
-67
127
-224
-197
247
57
71
-238
116
138
1
205
-95
343
-443
-23
-37
154
-91
295
81
231
284
84
-184
7
-174
-280
205
-56
-173
-175
-249
167
-52
-146
67
83
-9
470
-210
143
94
-229
-28
251
-484
213
304
-458
209
298
-163
367
486
370
137
-25
59
-12
71
-90
179
211
139
-61
-57
171
-235
-16
85
-3
-238
-36
-45
-382
-217
-153
-293
-268
231
-218
-223
-209
563
151
199
-227
-353
-297
331
95
33
437
-31
521
61
152
168
320
224
19
415
52
-214
92
-187
481
-313
185
370
-402
228
-45
149
-283
273
447
-16
-72
30
454
-360
347
-455
-147
470
392
588
157
149
0
-367
-84
186
-15
43
-189
-245
359
531
-193
14
-254
293
530
106
-125
223
556
-87
294
99
-66
-34
91
-49
-283
11
-421
-281
-117
237
-241
575
-484
-280
-392
249
-836
152
-108
496
88
-49
217
-228
-16
-231
-429
507
106
184
85
115
101
-100
-166
-45
-125
-243
136
-296
-200
-224
-192
64
-202
231
-169
53
28
-87
85
-143
-176
165
541
-49
-128
355
-316
440
82
389
95
-199
-112
-102
243
-50
59
-81
362
192
199
-55
-34
-246
-351
309
167
8
382
338
-195
-260
-162
326
2
279
312
200
103
458
-89
200
-362
-28
330
63
243
-79
-93
25
226
-48
145
-29
-89
487
79
-135
-168
-120
236
632
0
425
-290
40
44
78
-36
78
-132
-71
281
-231
-126
220
267
68
-7
218
1
244
-407
-228
598
-293
17
-237
-52
78
56
259
-65
-356
37
340
-208
-54
639
23
11
-39
-109
206
304
76
-37
37
-9
-374
-344
16
-201
-238
82
346
-347
-147
75
203
51
85
29
-370
-90
-324
-38
41
239
-196
149
315
-212
419
-432
185
-255
276
-119
-85
-344
-614
-217
48
186
472
-371
-44
-460
-82
-64
-306
-265
-95
-315
-339
285
-151
-316
112
434
414
-6
-78
255
136
282
-92
123
-158
159
-251
-266
212
171
-132
31
-137
-108
115
20
84
-372
-13
101
223
200
-190
-101
19
50
253
-266
-541
63
206
-2
156
-281
-382
143
-127
0
-811
-128
-314
231
-84
82
-89
-472
62
-223
142
-262
-252
-264
-78
-77
238
-297
390
117
252
194
325
-99
-383
-376
-187
-66
211
193
164
-214
75
192
-198
203
308
-247
-238
-42
70
-405
-194
16
125
366
31
326
-143
116
360
-105
-120
36
-19
163
-140
-48
-147
-479
-31
-15
-39
461
365
115
-5
195
-39
108
-319
-145
325
-212
-495
-147
66
270
-109
-107
-152
192
265
311
-18
-242
-64
-14
-40
193
369
104
-385
127
332
-236
-122
168
492
11
450
-60
321
23
-377
-198
38
135
-385
350
-392
-475
-398
-219
573
363
-58
405
-133
136
205
-398
141
78
347
-179
-53
-63
-328
489
-14
535
-173
49
-284
91
-50
178
231
40
-111
-89
-13
253
332
160
-294
-287
98
275
98
111
199
-5
234
-134
-205
-131
-205
237
156
-485
-238
-114
-360
129
267
-124
417
-177
887
172
111
-6
199
-337
147
590
346
-357
-93
-261
54
115
64
38
-214
-80
-531
213
104
-438
119
242
436
-159
-219
7
-147
38
-57
134
192
-310
64
65
265
-164
383
-232
376
-456
293
-160
-580
81
-271
164
-128
-523
366
463
-171
396
-131
130
-343
350
326
-98
-122
199
-447
-281
6
481
85
68
-335
540
68
-126
453
-182
40
-124
-404
-23
153
-545
447
-250
101
173
-254
185
689
-139
103
87
-98
428
143
385
71
224
-474
-335
-371
-94
-155
-595
-59
256
-157
4
-60
503
-66
-326
111
-177
-257
-48
176
-490
126
135
72
603
25
48
-97
57
-29
-325
136
-38
-276
56
-418
186
-23
323
-197
95
-157
-172
-186
-30
199
113
351
-104
-50
125
-203
-398
155
296
-102
-44
523
236
279
-40
-247
-388
-1
473
528
-475
330
-276
81
-360
-168
-28
161
311
73
203
89
-283
517
253
144
153
133
-207
168
-468
-176
85
0
211
-506
-174
204
-71
13
44
-182
-506
144
-156
-102
-61
260
-207
-290
3
261
57
292
-404
-94
-39
-591
269
416
-436
-329
266
573
43
-132
277
114
55
-123
234
-130
-265
206
-129
8
-404
-112
-289
65
-169
-293
67
-33
38
229
-58
28
-116
23
-100
-204
-3
-90
-26
-57
-126
151
287
-542
162
45
49
-5
-26
-329
-469
-259
-360
452
163
-34
185
-235
51
-432
-192
-373
36
-598
205
-436
220
447
-354
-319
-137
199
316
-238
-111
-308
62
266
-315
178
-449
-165
-124
-95
-513
64
-335
217
141
391
255
200
-116
-284
137
-298
81
-612
-257
118
-311
45
-209
-326
-348
220
-253
-323
252
-54
-130
-421
-94
-250
74
339
309
31
66
-119
109
-336
31
-252
139
-138
-282
-253
-334
-144
250
63
217
180
-334
260
-5
155
-164
167
235
-694
187
19
214
237
-296
91
-56
-69
151
-45
-73
283
-275
121
88
-90
381
-69
61
168
268
86
-121
422
-212
-334
-156
-442
-241
-176
118
21
-289
-41
-152
100
-390
107
-388
-317
-456
-74
-561
719
-211
49
273
-207
299
84
-321
-309
-463
-79
-179
-398
565
-132
352
-202
58
38
-205
144
-212
-312
197
429
164
142
-175
-606
-151
-326
-649
322
125
26
130
86
193
32
175
315
-175
-214
-227
-212
168
-217
-491
27
253
276
331
192
154
-294
162
5
238
-359
-152
-296
-35
0
-309
-155
-39
330
-160
-146
-11
579
282
45
-117
-380
-118
712
-219
-213
131
-431
434
110
170
-265
-213
56
129
-125
-29
185
312
45
272
76
-150
-198
-132
65
225
215
-103
-45
-40
341
-373
-521
-37
288
-108
329
-57
-161
-200
201
-73
-182
-401
120
344
279
84
-86
-299
-213
26
-244
-4
-172
147
179
-10
-240
97
184
56
146
66
378
-9
-253
-652
349
-88
-415
-513
56
-43
163
356
466
-158
37
-123
292
471
373
641
-120
-66
-144
499
115
126
163
-182
234
273
-376
-41
20
38
422
1
184
301
67
511
260
84
-325
-37
451
228
125
-254
251
48
204
-160
-200
-189
198
199
130
59
-358
-327
100
-417
320
-185
235
-129
137
98
-194
-252
269
31
-154
197
154
-25
196
-139
-371
70
90
6
667
-233
133
3
676
337
85
168
61
-381
162
-419
-324
267
320
83
-44
141
-29
55
239
77
-139
224
354
212
-312
151
-202
-448
93
553
221
-149
46
177
-161
-65
35
-370
-22
-2
-315
-212
-92
-222
-185
-169
165
23
-341
-490
-33
228
-481
-177
-225
-618
-89
262
-518
-55
-177
118
-75
281
-119
-269
442
-171
-33
545
247
216
-153
186
263
-325
249
-29
-65
9
-135
-231
-28
206
-77
188
-39
-397
344
232
-295
-303
13
-250
-217
394
34
291
600
-21
143
-43
65
117
-151
-17
-319
-454
-268
364
100
19
72
154
331
-68
175
-22
38
-552
88
-106
80
39
333
-16
166
138
-64
-255
62
-427
108
107
426
-41
-258
-192
99
-83
17
-58
1
-328
-376
265
-38
64
-300
128
-68
196
137
29
9
-540
-26
44
-133
-393
75
-141
101
-144
-148
-119
20
112
-15
179
165
-54
239
-250
107
-177
202
-295
0
209
-549
-182
-32
232
186
-369
-133
181
464
-308
382
-335
439
-450
79
-402
-176
-260
112
434
439
145
185
18
-87
-127
180
338
69
164
-246
-80
-351
173
-203
-258
-356
-51
17
-38
138
182
-171
-340
-343
-144
-74
197
387
-7
-128
158
10
70
163
-128
151
165
-395
-322
327
162
105
80
302
-116
104
-378
325
-204
-113
94
192
241
422
-395
-315
-230
-326
-15
477
-89
55
-623
-9
-64
-182
228
342
-21
643
25
-217
127
-104
139
-124
-523
266
29
-439
-283
64
-318
143
454
-408
394
-150
-464
43
-33
135
62
-82
321
193
38
-107
208
366
33
117
-222
-6
-287
35
62
-442
-127
332
-145
152
190
-65
-252
60
85
-516
167
25
20
415
288
400
443
24
-17
139
-487
451
-397
-312
-46
-689
43
154
14
603
-53
-115
-61
119
-161
30
55
344
326
-115
-147
360
-380
-128
251
-277
-71
113
-29
45
189
-93
-184
-128
52
185
407
23
-176
-511
-109
-300
289
107
-592
151
-76
437
-296
-545
-84
322
-182
450
-167
421
-242
-213
-167
-79
-413
-274
10
-281
268
360
-99
73
346
128
-4
297
453
-199
208
-155
495
-187
246
125
128
-48
165
-156
-358
-64
0
-98
66
-68
-402
85
819
157
205
30
30
-3
-37
14
1
192
59
151
-261
37
254
-29
-564
-93
212
193
-309
68
345
496
-49
-148
283
-146
154
446
-193
86
-464
120
-418
132
78
-95
456
455
185
-140
-285
-307
-23
-126
-55
-674
-189
-129
-491
-122
-336
-161
-221
-390
309
346
-263
64
-303
-326
-33
1
-296
44
-215
-28
-117
-299
580
112
221
-162
259
137
332
-86
190
18
136
403
-202
-621
-25
112
-54
-207
-294
-106
-48
-401
182
-103
51
-258
-191
-88
140
-335
115
323
-340
580
-504
-36
524
175
-303
2
141
127
-128
195
191
253
269
-133
407
305
-305
-177
-70
87
-102
3
-40
-116
359
61
1
-224
116
-25
-258
-346
-219
206
-272
-27
109
-210
463
-404
-7
-81
135
-375
152
-222
94
115
152
-293
-16
-18
-166
496
-511
-121
-174
-513
-50
3
221
140
128
224
-128
-63
196
-112
195
-254
-230
-60
142
-149
10
140
115
513
144
-110
-100
156
-90
-11
204
-7
-47
-68
-151
114
119
352
95
528
-128
579
209
96
34
-191
-177
-386
-218
-85
-69
190
163
304
-93
6
47
-544
-15
-42
409
96
-227
40
248
-110
195
-253
-5
-478
340
-73
103
-174
-131
-484
-20
-117
368
244
-232
-143
-289
262
-346
86
181
-119
-421
207
439
-14
99
-309
-4
325
-604
-23
-156
367
-74
65
376
-8
346
14
182
333
-68
-99
315
-301
-403
51
423
357
62
175
-394
-537
-227
278
-228
-609
-59
147
303
537
-259
-69
291
-81
-432
-232
-255
76
121
-101
247
43
-120
20
-310
-248
-381
140
-339
26
82
-23
-201
-104
34
-156
-123
-2
-161
-165
245
533
418
-20
106
142
295
-232
-341
-179
214
-1
24
-522
-145
53
45
-28
-35
-145
-279
119
344
246
44
-155
-470
25
-271
-447
354
2
84
-59
-111
-101
-199
296
-201
-338
135
-129
-409
164
-284
264
6
-136
-181
285
83
110
27
255
-401
233
-48
18
-44
-331
41
244
216
262
212
55
-297
158
202
-292
-39
52
-17
401
-163
153
71
248
358
-239
-271
177
6
145
-502
-196
92
204
-13
17
189
66
-408
88
-192
-338
131
173
215
457
128
160
-6
21
-29
-253
357
136
22
313
-165
157
-75
-196
-510
0
-109
-93
-59
-46
610
7
-71
3
-67
51
-98
-296
421
149
-53
-35
249
-170
-269
-132
-18
236
270
-67
2
368
-389
197
-200
-170
219
7
187
173
-247
139
-23
69
191
209
10
18
181
-302
39
-367
-239
166
654
-125
-142
78
-32
-43
283
142
309
78
376
-391
-111
-47
105
-2
-367
769
497
-135
196
-43
-126
-257
