0
0
0
0
0
0
0
0
0
0
0
0
0
0
0
0
0
0
0
0
0
0
0
0
0
0
0
0
0
0
0
0
0
0
0
0
0
0
0
0
0
0
0
0
0
0
0
0
0
0
0
0
0
0
0
0
0
0
0
0
0
0
0
0
0
0
0
0
0
0
0
0
0
0
0
0
0
0
0
0
0
0
0
0
0
0
0
0
0
0
0
0
0
0
0
0
0
0
0
0
0
0
0
0
0
0
0
0
0
0
0
0
0
0
0
0
0
0
0
0
0
0
0
0
0
0
0
0
0
0
0
0
0
0
0
0
0
0
0
0
0
0
0
0
0
0
0
0
0
0
0
0
0
0
0
0
0
0
0
0
0
0
0
0
0
0
0
0
0
0
0
0
0
0
0
0
0
0
0
0
0
0
0
0
0
0
0
0
0
0
0
0
0
0
0
0
0
0
0
0
0
0
0
0
0
0
0
0
0
0
0
0
0
0
0
0
0
0
0
0
0
0
0
0
0
0
0
0
0
0
0
0
0
0
0
0
0
0
0
0
0
0
0
0
0
0
0
0
0
0
0
0
0
0
0
0
-85
55
526
265
-234
34
-377
53
-160
118
317
-330
-122
-12
-351
91
-50
-304
-98
-103
-215
-60
-134
-225
-574
-30
-231
41
-31
-117
-46
-404
193
-90
-128
-125
59
-209
-223
-426
349
354
-34
163
-423
221
-171
221
-251
253
-322
54
-382
-142
-542
-666
205
53
221
-272
-453
44
-334
219
-16
207
-205
-60
-50
-44
-249
-113
48
61
140
-113
132
84
-69
-33
-90
-318
-106
-132
-259
22
259
188
-220
-231
-42
-110
222
53
449
-371
86
83
-354
-263
152
86
-192
150
174
235
-254
193
-72
118
-270
-432
587
47
-119
-439
-16
-248
231
-264
179
-663
239
-10
-21
559
207
-40
-327
-648
-251
-94
375
-667
36
288
-80
76
-255
98
-218
32
227
850
-11
-61
-443
-305
10
79
388
43
104
-51
397
-122
434
370
56
-349
115
-38
-353
74
-379
11
17
221
-126
92
61
-129
250
-79
361
374
63
350
-178
257
255
102
-135
-245
194
278
625
128
152
552
-73
-184
56
5
63
-151
107
131
-580
-337
20
420
-430
-203
-151
-121
356
-306
-364
164
-395
-2
565
-250
-378
199
-199
-2
-22
-123
192
14
-625
561
-271
359
-73
-480
-125
-16
-194
-289
-200
-132
17
169
305
369
155
-105
-35
-262
124
39
-77
72
10
138
-182
405
-68
-5
-1
-400
247
-343
38
76
-147
-203
-102
-132
121
76
211
314
-16
122
-288
-153
-406
48
-332
547
-134
103
33
46
81
46
296
-239
-42
-133
192
17
-80
58
-120
86
121
123
-201
95
-198
192
260
-54
-160
168
-520
-431
196
-269
24
-343
-64
370
39
201
50
-58
86
255
180
209
738
37
400
-226
62
-426
-266
-23
-578
66
-176
-70
107
170
316
59
-452
56
-164
356
-56
138
-238
-293
-142
-553
-390
-217
372
376
-6
-10
206
66
-18
-125
-181
335
-190
152
105
-190
318
225
330
193
384
128
410
-31
-190
195
401
-223
400
-102
78
262
-171
85
-199
52
118
212
353
273
-137
470
422
-138
294
99
188
135
40
-221
-116
-286
-35
12
-159
-19
-10
32
-69
-327
16
-118
-52
-453
-161
-408
-156
346
-159
83
-35
-458
-418
320
-97
261
-453
404
239
159
-147
90
413
114
-80
122
169
-8
-138
-648
548
-485
-76
282
327
-376
-127
-290
132
395
174
-260
-467
14
68
-316
155
218
91
-90
85
-287
41
-326
38
154
-16
89
-95
-710
-288
-2
357
-4
-45
-126
-111
245
-250
-169
-6
433
-22
-27
-165
-158
-630
135
-288
30
193
-427
215
-162
141
-431
-99
-46
-89
204
183
132
-29
234
-540
128
-104
-326
508
344
60
169
342
-307
-282
-71
-144
116
109
90
185
358
-256
24
236
87
-190
-258
363
399
124
116
-389
220
-4
-49
-459
312
-65
38
37
-34
-24
205
472
141
358
-109
310
22
300
215
-525
-97
-318
-67
89
845
-86
252
199
-97
121
-141
85
117
213
-11
-49
-277
-130
366
282
-54
119
348
-130
-39
87
-82
-266
37
26
-56
113
-32
137
397
173
164
47
-323
-125
277
222
55
374
291
-181
7
113
323
178
101
222
-219
62
-86
-78
-166
259
-319
-115
354
215
227
34
-126
74
351
-1138
-88
-107
-81
366
130
-125
-72
-106
-131
31
-253
74
-7
17
79
-241
-366
-590
49
16
414
-358
254
127
-555
83
-135
77
181
-144
90
-311
261
16
382
-250
245
-68
119
-164
-202
-69
225
-62
27
-76
-135
105
-75
372
105
-229
273
34
-256
-393
-878
-539
429
11
-59
105
365
-140
302
3
86
-362
26
-456
75
172
-109
27
70
-397
-226
112
208
-16
-338
169
675
-158
-259
475
167
-109
-45
368
-48
-286
-140
43
17
7
79
96
97
23
-373
241
-190
-193
236
-75
251
173
-126
216
183
200
110
258
538
40
4
181
155
-154
-47
-247
92
392
16
272
651
-172
55
255
-107
100
71
-48
413
97
-509
126
-28
21
61
190
57
-180
727
81
-19
259
-357
69
282
-218
51
-203
-447
-373
-248
111
182
654
55
126
218
136
480
482
-155
-74
96
-220
161
50
229
548
-128
-22
76
32
-144
227
-566
109
-64
-15
-25
-346
-273
245
89
-24
160
-345
28
70
207
-44
158
13
104
203
351
28
181
65
-189
297
-109
129
-104
-229
403
24
650
295
-99
-500
-95
-114
368
588
-27
-43
61
-330
-72
367
128
-335
342
-239
-45
71
83
-401
-40
-110
134
137
246
9
-57
10
-157
-112
-455
-281
-284
-373
-143
-229
128
-83
35
84
231
-294
-489
-116
301
90
294
-274
-74
-359
385
93
-209
-179
97
120
128
52
248
139
347
-258
414
-135
214
486
14
-189
-259
-47
210
67
-13
280
118
-582
-230
115
324
359
10
118
225
-465
-183
-30
378
-19
196
123
177
-407
-196
-379
-660
-244
-379
-165
-125
170
-11
-127
281
192
-410
142
334
-416
-253
-97
-357
-92
-487
-331
-65
-119
-331
-141
13
-135
-180
310
100
61
-316
69
-101
-296
790
205
472
-17
235
578
166
-192
-261
-90
98
860
257
-305
68
79
309
-329
183
60
-147
193
311
76
-322
-289
155
109
225
263
-3
145
510
-74
585
-171
-230
286
-100
-182
-42
-480
379
398
-139
-102
-475
-15
304
-192
349
381
-222
-307
49
368
-204
-31
336
114
-717
-418
126
304
244
-206
-314
404
274
21
264
87
116
74
-308
-291
33
-295
369
333
122
-569
-108
-99
86
214
-388
-100
87
-253
443
-162
-373
283
-97
311
33
82
-81
286
-250
652
-6
343
349
49
118
-414
137
-132
212
-584
-184
129
4
7
-152
-89
-71
828
2
-275
252
-10
-65
62
-28
353
-58
256
134
227
534
167
-96
173
93
238
61
-93
475
33
361
-188
-159
-282
-457
-82
71
-438
95
-93
-59
125
-41
-371
104
-26
203
-84
525
-209
24
80
82
-76
21
388
136
77
-363
-110
349
-5
286
-623
162
-91
157
23
-12
-180
89
-431
60
299
-217
-56
81
70
95
69
-114
-96
169
-267
-299
57
-26
136
-107
-222
-141
-18
-91
-202
74
405
-275
9
-387
1
-91
154
24
393
76
312
201
-22
156
-77
-467
-69
-29
-134
52
-418
-44
126
-165
-200
320
-242
530
167
147
-495
194
459
-277
181
-394
-394
-171
261
363
-233
123
-249
55
39
-340
81
-205
-198
-5
-545
0
-37
96
-140
-74
-56
-34
238
146
-212
429
-304
-290
139
156
249
-97
483
-190
639
65
-43
387
109
203
159
-123
-235
-123
290
-180
207
158
-311
190
-315
208
330
-241
182
98
-62
-107
275
-234
-353
-14
110
227
-26
169
-294
72
328
-70
102
-82
441
138
43
175
149
-293
246
-134
-78
-71
-324
-420
78
-3
-673
-91
-102
232
239
247
77
9
24
-411
-359
-182
142
-9
-388
614
-43
-233
-367
192
559
129
-104
-73
-200
-235
609
-302
9
-257
72
-68
-42
361
-62
-202
248
310
95
244
-132
213
47
237
-203
-49
-311
-295
-79
98
-549
166
554
133
-277
-142
152
213
6
-37
-448
261
-523
-225
-224
-57
576
330
-294
-492
122
-268
-41
-355
-114
-42
-322
-170
-49
354
83
79
514
212
-93
235
434
276
-307
267
233
-26
232
-28
-281
-257
-144
-179
276
57
166
-61
-335
-53
32
-148
30
-300
233
-283
351
151
-137
201
-132
-34
223
314
-69
-326
80
-94
-89
-69
-98
-191
-485
120
214
-463
-642
261
-65
116
25
-510
390
699
134
18
393
116
-63
242
107
119
-107
-458
-20
31
-537
78
248
-292
-61
46
346
-547
-465
364
-218
-46
-215
-253
448
-154
329
-56
255
-277
148
-61
-75
-35
232
-58
-131
160
-151
-188
-15
-127
110
250
30
63
17
-45
252
71
487
-62
-233
-339
5
-425
145
-201
52
87
-193
235
392
272
-181
474
174
-224
-250
612
423
516
17
700
-259
69
-27
-14
-271
-83
84
0
209
109
-641
30
206
154
-221
-39
-61
-15
136
195
-219
-430
167
238
103
52
-210
-326
-57
-260
-168
75
158
199
116
-333
-144
-178
265
399
-373
-496
134
425
-93
-7
-93
317
-427
156
11
29
-148
-323
-30
-124
261
37
-7
224
34
21
228
-35
-64
140
423
-339
-33
-531
154
124
523
-176
97
99
310
29
-265
385
-122
330
331
285
45
-73
372
217
-98
-159
565
276
288
37
-267
79
243
-35
40
242
297
28
-321
1
-483
463
319
-299
-209
-265
-97
63
25
-94
365
-324
-187
-60
-16
405
145
-258
-297
419
0
168
-129
450
-76
-17
-61
12
-14
-358
-104
267
-566
25
-299
510
-189
-472
-93
429
-93
59
-162
-271
-93
-342
334
14
-296
-48
-439
-71
92
-184
133
158
15
343
450
-109
181
-58
-306
395
60
196
-540
164
-366
-128
-46
-248
237
313
-218
99
-332
-188
50
328
-53
-39
-50
167
42
106
-75
-104
-210
-122
231
310
221
-289
273
-36
-223
-412
19
109
34
-548
-232
-93
-368
-229
107
-159
259
-11
-311
-225
232
-654
552
-117
-254
477
-106
249
-132
468
-54
-83
-182
-521
-129
172
313
-262
74
-151
191
428
214
439
-421
-441
429
160
-314
52
446
60
194
-86
-53
1
365
3
-112
69
-275
-343
-43
-318
-229
-6
345
-71
262
30
-96
-54
104
81
94
-909
-6
261
156
-223
490
275
266
-32
-41
-282
183
489
-183
-72
46
13
40
338
-513
291
275
-77
-4
75
-234
13
-235
103
-252
-78
70
174
35
-454
267
-384
73
114
694
8
6
354
-53
134
-23
-372
411
-105
-204
-123
182
545
-6
-68
-134
-39
220
36
306
-104
-290
-46
-30
36
-160
-295
-180
145
73
44
148
-131
3
233
-27
594
-302
342
148
73
117
-33
1
135
-189
422
226
324
382
18
233
24
-268
201
56
208
16
25
383
97
-82
415
118
89
73
23
2
292
-52
37
-41
-286
14
24
49
-62
275
198
-512
-355
465
-344
-48
-64
-110
-129
-305
227
353
-206
161
-372
-61
-287
-215
-156
-82
458
-75
-281
-7
389
112
-18
-312
-295
-131
130
-409
164
313
-141
137
244
-294
117
83
-654
13
255
-611
-77
-68
-227
-24
143
190
-157
374
-125
-429
237
-85
-73
63
-213
273
-224
225
-112
-370
82
-170
-1
66
-358
5
-81
361
-219
97
131
148
-203
-276
-139
-368
239
-159
-187
444
-180
-220
71
468
-345
42
424
-377
61
-22
218
-297
-17
55
-510
1
-62
446
66
156
-175
-100
126
-106
-461
136
-114
-259
414
484
367
126
77
154
165
-52
122
215
428
-219
-127
-20
670
4
205
491
154
-415
-394
311
-12
171
-532
61
-42
124
425
-184
-613
443
-136
-18
-75
-378
123
94
251
144
-12
77
249
-52
15
-5
116
-191
112
403
323
144
391
3
-212
-12
-108
316
22
108
18
-23
-141
-137
-129
28
-289
-188
228
-169
116
-163
-77
-306
-129
148
248
-153
3
-637
-536
319
-504
-352
46
326
-166
651
-343
50
444
35
-55
367
-298
583
186
-419
-450
319
-180
116
258
161
-65
206
254
-181
634
-27
374
-294
584
50
-522
118
-115
-77
160
-254
47
51
357
-560
-902
-89
41
151
178
-104
27
393
-312
-36
-95
-266
-27
-466
177
11
518
471
-136
461
-253
-201
-245
398
-1
409
-37
311
111
8
186
-145
-47
-22
115
375
-64
119
369
-702
99
-515
431
192
260
-63
194
147
316
229
331
-168
375
201
96
158
83
-94
-6
-61
-191
159
559
287
512
-402
-4
-207
243
-275
253
377
29
95
-128
174
81
62
-205
58
-168
480
-186
134
95
196
186
-421
-347
-243
185
-63
-85
-26
-399
-13
314
-506
-328
281
-20
-32
313
208
300
-124
528
-271
127
48
-41
76
-441
-328
-139
-171
124
333
-14
277
55
-221
0
-102
222
268
310
276
22
93
160
-184
-24
664
-165
-22
-299
-198
-48
118
-29
-270
-93
-239
361
93
-46
-212
-117
-136
49
-43
-281
440
-254
1
55
-135
-319
-108
-207
402
201
-441
148
27
-136
-554
117
-142
-209
-87
15
-387
301
-62
-226
51
15
-583
-441
