0.000000
0.000000
0.000000
0.000000
0.000000
0.000000
0.000000
0.000000
0.000000
0.000000
0.000000
0.000000
0.000000
0.000000
0.000000
0.000000
0.000000
0.000000
0.000000
0.000000
0.000000
0.000000
0.000000
0.000000
0.000000
0.000000
0.000000
0.000000
0.000000
0.000000
0.000000
0.000000
0.000000
0.000000
0.000000
0.000000
0.000000
0.000000
0.000000
0.000000
0.000000
0.000000
0.000000
0.000000
0.000000
0.000000
0.000000
0.000000
0.000000
0.000000
0.000000
0.000000
0.000000
0.000000
0.000000
0.000000
0.000000
0.000000
0.000000
0.000000
0.000000
0.000000
0.000000
0.000000
0.000000
0.000000
0.000000
0.000000
0.000000
0.000000
0.000000
0.000000
0.000000
0.000000
0.000000
0.000000
0.000000
0.000000
0.000000
0.000000
0.000000
0.000000
0.000000
0.000000
0.000000
0.000000
0.000000
0.000000
0.000000
0.000000
0.000000
0.000000
0.000000
0.000000
0.000000
0.000000
0.000000
0.000000
0.000000
0.000000
0.000000
0.000000
0.000000
0.000000
0.000000
0.000000
0.000000
0.000000
0.000000
0.000000
0.000000
0.000000
0.000000
0.000000
0.000000
0.000000
0.000000
0.000000
0.000000
0.000000
0.000000
0.000000
0.000000
0.000000
0.000000
0.000000
0.000000
0.000000
0.000000
0.000000
0.000000
0.000000
0.000000
0.000000
0.000000
0.000000
0.000000
0.000000
0.000000
0.000000
0.000000
0.000000
0.000000
0.000000
0.000000
0.000000
0.000000
0.000000
0.000000
0.000000
0.000000
0.000000
0.000000
0.000000
0.000000
0.000000
0.000000
0.000000
0.000000
0.000000
0.000000
0.000000
0.000000
0.000000
0.000000
0.000000
0.000000
0.000000
0.000000
0.000000
0.000000
0.000000
0.000000
0.000000
0.000000
0.000000
0.000000
0.000000
0.000000
0.000000
0.000000
0.000000
0.000000
0.000000
0.000000
0.000000
0.000000
0.000000
0.000000
0.000000
0.000000
0.000000
0.000000
0.000000
0.000000
0.000000
0.000000
0.000000
0.000000
0.000000
0.000000
0.000000
0.000000
0.000000
0.000000
0.000000
0.000000
0.000000
0.000000
0.000000
0.000000
0.000000
0.000000
0.000000
0.000000
0.000000
0.000000
0.000000
0.000000
0.000000
0.000000
0.000000
0.000000
0.000000
0.000000
0.000000
0.000000
0.000000
0.000000
0.000000
0.000000
0.000000
0.000000
0.000000
0.000000
0.000000
0.000000
0.000000
0.000000
0.000000
0.000000
0.000000
0.000000
0.000000
0.000000
0.000000
0.000000
0.000000
0.000000
0.000000
0.000000
0.000000
0.000000
0.000000
0.000000
0.000000
-0.333591
0.216457
2.056750
1.038592
-0.917286
0.136068
-1.475830
0.210917
-0.628393
0.461943
1.239609
-1.290110
-0.478795
-0.048212
-1.373735
0.358762
-0.197057
-1.188455
-0.384751
-0.405925
-0.841372
-0.234631
-0.525042
-0.879771
-2.243669
-0.120445
-0.904745
0.162337
-0.124933
-0.460459
-0.180615
-1.581845
0.756408
-0.352673
-0.501127
-0.488870
0.232824
-0.819005
-0.874432
-1.667730
1.365644
1.382945
-0.132978
0.639631
-1.652489
0.863674
-0.669485
0.865166
-0.983492
0.988320
-1.261665
0.213683
-1.494803
-0.557662
-2.119906
-2.605125
0.802151
0.209231
0.864793
-1.063472
-1.771660
0.174933
-1.304792
0.858536
-0.065351
0.811453
-0.802609
-0.234846
-0.197225
-0.173129
-0.976312
-0.442578
0.187605
0.239018
0.549556
-0.443048
0.519114
0.331321
-0.273269
-0.130533
-0.355230
-1.242354
-0.415469
-0.519201
-1.014688
0.087263
1.013283
0.735514
-0.862658
-0.903584
-0.165910
-0.430446
0.871001
0.209345
1.757798
-1.449587
0.338951
0.327770
-1.383329
-1.030979
0.593803
0.338113
-0.750635
0.586496
0.681860
0.919077
-0.994307
0.756022
-0.282308
0.461969
-1.056944
-1.689672
2.296842
0.186304
-0.467112
-1.716468
-0.064042
-0.971379
0.903022
-1.031879
0.702277
-2.593739
0.934756
-0.040711
-0.084295
2.185706
0.812292
-0.159775
-1.279712
-2.532101
-0.983684
-0.368138
1.467129
-2.606385
0.141319
1.127291
-0.314334
0.297028
-0.999501
0.384042
-0.854113
0.126294
0.887445
3.321601
-0.043477
-0.240240
-1.733496
-1.192254
0.039563
0.312332
1.515683
0.170940
0.408337
-0.202305
1.552254
-0.480234
1.696850
1.445608
0.222205
-1.363517
0.452397
-0.148686
-1.381306
0.292616
-1.481507
0.046000
0.068552
0.865752
-0.492621
0.361634
0.238429
-0.506254
0.979316
-0.310691
1.410846
1.462052
0.249085
1.367878
-0.698125
1.004215
0.997912
0.401363
-0.529471
-0.960478
0.761677
1.086791
2.445117
0.500977
0.594106
2.156823
-0.286433
-0.720348
0.220196
0.021194
0.249956
-0.591370
0.420777
0.514933
-2.267492
-1.317095
0.080648
1.644172
-1.681193
-0.795092
-0.591467
-0.473813
1.394412
-1.195577
-1.424974
0.643571
-1.545151
-0.010147
2.208717
-0.980081
-1.477638
0.778277
-0.778930
-0.010203
-0.088091
-0.484073
0.751457
0.054994
-2.443011
2.191408
-1.061817
1.404032
-0.289052
-1.875419
-0.490782
-0.063028
-0.758232
-1.130348
-0.783278
-0.516041
0.070046
0.662216
1.192404
1.441431
0.606517
-0.413544
-0.138670
-1.027281
0.486603
0.153076
-0.302627
0.284678
0.042442
0.540100
-0.711537
1.583114
-0.267564
-0.021374
-0.004347
-1.564258
0.968021
-1.340878
0.148886
0.298593
-0.577547
-0.795116
-0.400719
-0.516297
0.473303
0.299575
0.825670
1.227200
-0.065909
0.478567
-1.127032
-0.599322
-1.586748
0.187835
-1.297323
2.139274
-0.523701
0.406190
0.132133
0.181909
0.316620
0.183049
1.156686
-0.936030
-0.166901
-0.519764
0.751749
0.068973
-0.316405
0.228399
-0.472041
0.338571
0.473173
0.482142
-0.788482
0.373173
-0.775900
0.750219
1.017975
-0.213260
-0.625682
0.656364
-2.035125
-1.686603
0.768108
-1.053837
0.096732
-1.343260
-0.251690
1.445433
0.153724
0.785268
0.198649
-0.229596
0.337744
0.998112
0.703348
0.817902
2.885470
0.144983
1.565372
-0.883021
0.244781
-1.665731
-1.041851
-0.091471
-2.258873
0.260721
-0.690456
-0.276692
0.419877
0.665048
1.236223
0.231839
-1.766438
0.220308
-0.643987
1.394393
-0.221222
0.539652
-0.932677
-1.148389
-0.555946
-2.160524
-1.523766
-0.851211
1.454848
1.471071
-0.025590
-0.039287
0.806666
0.260584
-0.071709
-0.492114
-0.708897
1.310684
-0.742718
0.595065
0.410273
-0.745037
1.244849
0.881905
1.292941
0.754378
1.501247
0.501236
1.602574
-0.124489
-0.743729
0.762566
1.568448
-0.871555
1.565545
-0.401109
0.305470
1.025359
-0.670900
0.333665
-0.780853
0.203259
0.462989
0.830513
1.379215
1.066606
-0.538675
1.838434
1.648923
-0.540812
1.149113
0.387226
0.737818
0.529219
0.156673
-0.863998
-0.454322
-1.117245
-0.137362
0.049339
-0.624213
-0.074720
-0.041870
0.128617
-0.273208
-1.278032
0.063550
-0.464181
-0.204634
-1.770461
-0.629227
-1.595476
-0.612556
1.355312
-0.621466
0.324461
-0.139227
-1.789332
-1.633794
1.250548
-0.381786
1.020355
-1.770796
1.579494
0.936032
0.623910
-0.574290
0.351919
1.614628
0.447789
-0.314298
0.478179
0.660680
-0.033522
-0.542736
-2.532858
2.141520
-1.895135
-0.297332
1.105022
1.279461
-1.470312
-0.499714
-1.134040
0.518885
1.546187
0.683230
-1.018153
-1.828047
0.057066
0.268629
-1.234716
0.606608
0.853001
0.356842
-0.354540
0.335795
-1.122192
0.161401
-1.275111
0.151324
0.605223
-0.064573
0.350722
-0.374401
-2.775897
-1.128708
-0.011615
1.398003
-0.017637
-0.179118
-0.494856
-0.434840
0.960396
-0.980131
-0.662200
-0.026543
1.693649
-0.089006
-0.106377
-0.645677
-0.621048
-2.462951
0.530025
-1.127465
0.120263
0.753950
-1.669416
0.843222
-0.634623
0.551118
-1.684703
-0.389775
-0.179922
-0.350300
0.797481
0.718707
0.519177
-0.115963
0.915721
-2.112830
0.501019
-0.407221
-1.276582
1.987699
1.344386
0.234978
0.662045
1.339397
-1.202873
-1.101880
-0.277926
-0.565111
0.455747
0.429416
0.352999
0.726452
1.400277
-1.000908
0.096532
0.921906
0.341072
-0.742695
-1.009152
1.418183
1.562049
0.485283
0.456975
-1.520564
0.860696
-0.015970
-0.195247
-1.796644
1.219638
-0.256811
0.149361
0.147164
-0.133493
-0.095151
0.802754
1.846195
0.552706
1.399218
-0.427796
1.214235
0.089008
1.172489
0.842120
-2.053130
-0.381523
-1.245677
-0.263142
0.349851
3.301367
-0.339561
0.984445
0.779513
-0.380102
0.474250
-0.551527
0.334717
0.460498
0.832403
-0.046197
-0.193542
-1.083482
-0.509407
1.431307
1.101655
-0.213885
0.468695
1.363029
-0.510011
-0.155634
0.342975
-0.323850
-1.042641
0.144560
0.104943
-0.222216
0.442410
-0.125424
0.535857
1.550805
0.676339
0.640798
0.186535
-1.262447
-0.491945
1.083958
0.867506
0.216037
1.463956
1.139474
-0.710756
0.031030
0.445105
1.264645
0.696184
0.395250
0.869875
-0.857080
0.244475
-0.338038
-0.306320
-0.650651
1.012606
-1.248666
-0.453116
1.386550
0.840034
0.888710
0.133188
-0.494950
0.290931
1.371108
-4.446632
-0.346107
-0.421450
-0.319111
1.432111
0.508285
-0.488785
-0.284261
-0.416738
-0.515335
0.121600
-0.990987
0.291275
-0.030949
0.068667
0.311637
-0.944647
-1.431814
-2.307059
0.193450
0.064283
1.617326
-1.400107
0.993069
0.498616
-2.169175
0.327276
-0.529031
0.302961
0.710625
-0.562822
0.353244
-1.217186
1.022449
0.065336
1.494228
-0.978406
0.960271
-0.266506
0.468221
-0.642061
-0.789630
-0.270978
0.879808
-0.244207
0.108794
-0.300229
-0.527726
0.414011
-0.296426
1.454504
0.412869
-0.897182
1.067499
0.134627
-1.000229
-1.537467
-3.432215
-2.108169
1.678195
0.043008
-0.231844
0.412645
1.426406
-0.548317
1.182563
0.012841
0.336787
-1.414369
0.101954
-1.784307
0.295974
0.672620
-0.426615
0.106734
0.273897
-1.553415
-0.884687
0.438119
0.815808
-0.065258
-1.320668
0.663508
2.638048
-0.618799
-1.013675
1.858414
0.653311
-0.425944
-0.177401
1.440208
-0.189896
-1.120527
-0.548540
0.169887
0.068716
0.031111
0.308891
0.378735
0.380939
0.091459
-1.457110
0.945000
-0.744452
-0.755108
0.924836
-0.294799
0.980670
0.676516
-0.496059
0.847511
0.717316
0.783710
0.431761
1.010286
2.103208
0.157605
0.017300
0.707999
0.606181
-0.604753
-0.185984
-0.964887
0.360276
1.532568
0.065143
1.065004
2.546015
-0.673099
0.215357
0.996859
-0.418480
0.391347
0.280139
-0.188784
1.617068
0.382535
-1.991491
0.494185
-0.111539
0.082419
0.239815
0.743940
0.223334
-0.704343
2.840758
0.317182
-0.078091
1.011721
-1.397021
0.270457
1.105396
-0.855201
0.199479
-0.796763
-1.746460
-1.458771
-0.969495
0.434797
0.712399
2.555564
0.216458
0.494995
0.854855
0.533848
1.877345
1.884098
-0.605742
-0.292121
0.376462
-0.862612
0.631260
0.197215
0.895019
2.143253
-0.500962
-0.087021
0.299224
0.127372
-0.563495
0.887797
-2.212830
0.428047
-0.250352
-0.059552
-0.099057
-1.353515
-1.069949
0.960032
0.350653
-0.097218
0.628872
-1.350963
0.111160
0.276290
0.810814
-0.174951
0.618093
0.053781
0.408330
0.793809
1.373534
0.112954
0.708758
0.254358
-0.740648
1.161677
-0.425889
0.505442
-0.407927
-0.897311
1.577340
0.096744
2.541131
1.156132
-0.389484
-1.956323
-0.372097
-0.448573
1.440765
2.297143
-0.107494
-0.170664
0.239359
-1.289730
-0.283826
1.436694
0.502136
-1.312045
1.336271
-0.934920
-0.179588
0.279698
0.327534
-1.568297
-0.158121
-0.431425
0.525722
0.536116
0.963314
0.038595
-0.225033
0.039498
-0.615143
-0.440209
-1.777878
-1.098737
-1.111793
-1.458702
-0.559942
-0.895604
0.501794
-0.327952
0.138940
0.331422
0.903010
-1.150036
-1.914006
-0.454115
1.177417
0.354485
1.151368
-1.073715
-0.292006
-1.402866
1.505704
0.365083
-0.819754
-0.699868
0.380424
0.471298
0.500573
0.203549
0.971662
0.543240
1.357389
-1.009663
1.620811
-0.527724
0.837222
1.899011
0.055553
-0.741468
-1.011916
-0.186654
0.821996
0.262634
-0.051739
1.096767
0.463196
-2.276358
-0.900576
0.450293
1.267555
1.402903
0.041019
0.461350
0.882664
-1.818629
-0.717862
-0.120756
1.476770
-0.075582
0.768887
0.481045
0.694674
-1.590460
-0.769212
-1.483065
-2.581256
-0.956798
-1.482037
-0.647453
-0.492096
0.666706
-0.043464
-0.499042
1.099260
0.752529
-1.603222
0.558120
1.307629
-1.627192
-0.988485
-0.379783
-1.397391
-0.361502
-1.905409
-1.295069
-0.256442
-0.466730
-1.295889
-0.552957
0.050810
-0.528875
-0.705582
1.211360
0.394311
0.238728
-1.237482
0.270182
-0.397871
-1.157240
3.087894
0.801453
1.845768
-0.068909
0.919420
2.261718
0.649862
-0.751500
-1.020288
-0.353764
0.383299
3.360458
1.007174
-1.193582
0.267648
0.309440
1.208690
-1.286665
0.716808
0.236244
-0.576528
0.753961
1.216251
0.297072
-1.259070
-1.130516
0.608864
0.428576
0.879043
1.029760
-0.015026
0.567252
1.994373
-0.290420
2.287908
-0.668308
-0.901427
1.119856
-0.390866
-0.711910
-0.167226
-1.877171
1.483515
1.556669
-0.545695
-0.399289
-1.857618
-0.059133
1.190511
-0.753316
1.364743
1.491093
-0.870715
-1.202870
0.194731
1.438864
-0.799488
-0.121998
1.315612
0.446556
-2.803854
-1.632949
0.493039
1.188969
0.955227
-0.806074
-1.227124
1.581615
1.071808
0.084505
1.031789
0.343245
0.455160
0.291611
-1.206078
-1.140466
0.132512
-1.153087
1.443682
1.302833
0.477463
-2.225489
-0.425297
-0.389787
0.337508
0.836679
-1.518318
-0.394239
0.341815
-0.989971
1.733794
-0.635632
-1.457297
1.107036
-0.380422
1.217598
0.131828
0.322757
-0.319305
1.120656
-0.978236
2.547019
-0.027271
1.342444
1.365632
0.193037
0.463276
-1.617882
0.536473
-0.517999
0.828957
-2.282842
-0.720809
0.507027
0.018652
0.030815
-0.597355
-0.351320
-0.277990
3.237083
0.010559
-1.075704
0.985046
-0.040029
-0.254174
0.244733
-0.111094
1.379564
-0.229981
1.000622
0.527223
0.890515
2.087295
0.653269
-0.376317
0.678188
0.365684
0.930674
0.241698
-0.365494
1.857537
0.132782
1.413832
-0.737487
-0.621270
-1.103525
-1.785920
-0.323676
0.279750
-1.712662
0.374980
-0.363827
-0.233179
0.490047
-0.161871
-1.450708
0.406318
-0.104031
0.796603
-0.330891
2.054011
-0.818667
0.095138
0.316119
0.323707
-0.297073
0.083307
1.516730
0.532877
0.302848
-1.420656
-0.432974
1.364789
-0.019824
1.120447
-2.434800
0.636617
-0.356446
0.613998
0.090543
-0.048764
-0.703576
0.349113
-1.684841
0.235728
1.171736
-0.848142
-0.219503
0.318689
0.274107
0.372911
0.271540
-0.445843
-0.377428
0.660975
-1.043502
-1.168308
0.223195
-0.102706
0.533380
-0.421475
-0.869678
-0.551563
-0.072968
-0.358861
-0.790269
0.290445
1.583788
-1.076333
0.037666
-1.511804
0.006935
-0.356429
0.603711
0.096480
1.536244
0.299514
1.221441
0.788365
-0.087997
0.611703
-0.302099
-1.824512
-0.272469
-0.116436
-0.526377
0.205574
-1.635130
-0.172123
0.494218
-0.647808
-0.782008
1.253404
-0.946930
2.070693
0.653315
0.577458
-1.933970
0.760652
1.794478
-1.083286
0.707848
-1.540954
-1.542727
-0.669237
1.022958
1.419360
-0.913354
0.484007
-0.975350
0.218650
0.153584
-1.328875
0.316578
-0.804347
-0.773786
-0.022523
-2.130699
-0.000797
-0.146300
0.375845
-0.548276
-0.290439
-0.220337
-0.136074
0.930847
0.571941
-0.830780
1.678003
-1.189701
-1.136352
0.544343
0.611683
0.974666
-0.381738
1.890053
-0.743546
2.499776
0.257201
-0.171078
1.515195
0.425811
0.793465
0.623124
-0.484098
-0.920160
-0.483296
1.136226
-0.703958
0.811066
0.619986
-1.217344
0.743310
-1.230797
0.816378
1.289874
-0.944012
0.712898
0.383416
-0.244808
-0.420897
1.077645
-0.917708
-1.380924
-0.054927
0.432433
0.890062
-0.103563
0.662513
-1.151888
0.283641
1.282194
-0.273980
0.401058
-0.320727
1.726152
0.540006
0.170871
0.684128
0.583833
-1.147507
0.961725
-0.527244
-0.306176
-0.280244
-1.269515
-1.642210
0.305872
-0.012870
-2.629376
-0.357837
-0.400309
0.907484
0.934599
0.967906
0.301886
0.036184
0.097376
-1.607649
-1.404207
-0.711855
0.556102
-0.036492
-1.517285
2.400753
-0.168173
-0.913753
-1.435523
0.752447
2.187426
0.505054
-0.408190
-0.286987
-0.781439
-0.918263
2.379146
-1.182438
0.035767
-1.005491
0.282004
-0.267121
-0.164247
1.411736
-0.246040
-0.791036
0.970933
1.212265
0.373636
0.954674
-0.518989
0.834515
0.186523
0.926769
-0.793645
-0.193173
-1.218176
-1.154940
-0.310799
0.382846
-2.146200
0.649030
2.166761
0.519760
-1.084423
-0.555166
0.594152
0.835511
0.023804
-0.145664
-1.753496
1.021372
-2.044333
-0.879483
-0.876954
-0.226227
2.251670
1.289347
-1.149810
-1.923332
0.479596
-1.047687
-0.160370
-1.386999
-0.446605
-0.167010
-1.258711
-0.667148
-0.193871
1.385711
0.326510
0.310794
2.009331
0.831140
-0.363344
0.920254
1.698205
1.078543
-1.199840
1.043709
0.912931
-0.103676
0.908272
-0.109755
-1.100481
-1.003909
-0.562574
-0.701846
1.080119
0.225029
0.652040
-0.241412
-1.309599
-0.207698
0.126216
-0.579964
0.119213
-1.173238
0.910418
-1.109317
1.372659
0.592597
-0.535966
0.787959
-0.517798
-0.135954
0.872433
1.226710
-0.272662
-1.273747
0.315325
-0.368390
-0.350219
-0.269586
-0.383424
-0.748413
-1.896532
0.471806
0.837208
-1.810672
-2.510029
1.022843
-0.257128
0.456137
0.101475
-1.993961
1.527036
2.733603
0.524163
0.070630
1.536483
0.456382
-0.247623
0.948258
0.418407
0.465256
-0.418559
-1.792458
-0.081629
0.123104
-2.101373
0.307575
0.970342
-1.141963
-0.239104
0.180759
1.352565
-2.138971
-1.820051
1.422115
-0.852593
-0.179755
-0.843111
-0.990142
1.751879
-0.602892
1.287282
-0.219160
0.996325
-1.085306
0.581415
-0.241553
-0.294910
-0.138690
0.909687
-0.229796
-0.512237
0.625726
-0.592289
-0.736915
-0.061139
-0.497147
0.432102
0.977877
0.120829
0.249489
0.067397
-0.176741
0.987143
0.281150
1.902813
-0.242745
-0.911743
-1.327828
0.023258
-1.663408
0.569723
-0.788811
0.205704
0.342916
-0.755901
0.919071
1.534184
1.063159
-0.708948
1.854091
0.682429
-0.877648
-0.980262
2.394037
1.652768
2.018161
0.066968
2.736475
-1.012997
0.271662
-0.108997
-0.057259
-1.058931
-0.326528
0.330046
-0.000480
0.818116
0.428214
-2.503947
0.120481
0.807893
0.602121
-0.865190
-0.153320
-0.240491
-0.060763
0.532866
0.764401
-0.856083
-1.682340
0.653069
0.930255
0.405183
0.204002
-0.822766
-1.276874
-0.226437
-1.016053
-0.657295
0.293991
0.620053
0.779634
0.454984
-1.303436
-0.564450
-0.697132
1.037840
1.560154
-1.460206
-1.939676
0.526586
1.660339
-0.363809
-0.031045
-0.363622
1.241802
-1.668672
0.613210
0.043469
0.116548
-0.578605
-1.264679
-0.117487
-0.485187
1.023067
0.148355
-0.029421
0.875833
0.134808
0.084064
0.893116
-0.138436
-0.251529
0.549027
1.655570
-1.327274
-0.132527
-2.075485
0.602788
0.486127
2.044970
-0.689476
0.378991
0.389483
1.212181
0.113656
-1.037880
1.506769
-0.476775
1.291635
1.296173
1.114432
0.177362
-0.287542
1.456852
0.850191
-0.383083
-0.621304
2.209029
1.079203
1.126828
0.146446
-1.044239
0.311288
0.952729
-0.136901
0.157980
0.946847
1.161904
0.111713
-1.254798
0.004194
-1.887081
1.810925
1.246762
-1.170619
-0.819855
-1.038851
-0.379516
0.247186
0.097838
-0.368767
1.428104
-1.266826
-0.731475
-0.236195
-0.064046
1.585006
0.568410
-1.011285
-1.160760
1.638669
0.001016
0.659961
-0.504088
1.760792
-0.298715
-0.069968
-0.239070
0.048087
-0.056154
-1.401226
-0.407469
1.045637
-2.211587
0.100363
-1.171820
1.994359
-0.740448
-1.847233
-0.366372
1.678179
-0.364435
0.231604
-0.634989
-1.059176
-0.366593
-1.337091
1.305459
0.054997
-1.156588
-0.187826
-1.715326
-0.280831
0.360237
-0.721254
0.520391
0.619309
0.059716
1.341990
1.761018
-0.429369
0.710504
-0.229922
-1.195459
1.543360
0.237914
0.767214
-2.109814
0.641558
-1.430450
-0.503268
-0.180863
-0.969862
0.928621
1.224571
-0.853241
0.388020
-1.297574
-0.735663
0.196977
1.283310
-0.210674
-0.153026
-0.198924
0.656100
0.167549
0.415015
-0.294001
-0.409378
-0.821615
-0.476931
0.904061
1.213826
0.865219
-1.129211
1.070162
-0.142513
-0.872467
-1.613062
0.075192
0.428190
0.133124
-2.141073
-0.906330
-0.364383
-1.441194
-0.898313
0.418838
-0.624627
1.013714
-0.045971
-1.215311
-0.881085
0.907424
-2.555990
2.157626
-0.459029
-0.993031
1.866960
-0.417352
0.973512
-0.519416
1.831125
-0.214307
-0.326701
-0.713926
-2.038101
-0.506305
0.671928
1.225520
-1.025262
0.291345
-0.591770
0.748819
1.672461
0.839595
1.717948
-1.645869
-1.723505
1.678187
0.627985
-1.230058
0.206369
1.743367
0.234653
0.760714
-0.338561
-0.210298
0.005959
1.426077
0.014216
-0.440662
0.270497
-1.074742
-1.342650
-0.171688
-1.244483
-0.897445
-0.027304
1.348519
-0.278966
1.025170
0.118088
-0.377881
-0.214126
0.407840
0.317370
0.369639
-3.551855
-0.024972
1.021542
0.611657
-0.873561
1.915804
1.075816
1.040755
-0.126280
-0.161518
-1.102534
0.716965
1.911442
-0.717518
-0.283861
0.181530
0.050998
0.160100
1.320602
-2.007475
1.140512
1.077467
-0.301017
-0.015869
0.294912
-0.915549
0.051130
-0.918369
0.405950
-0.984779
-0.306364
0.276856
0.679915
0.137438
-1.776817
1.045894
-1.500395
0.285958
0.445678
2.711547
0.031634
0.023758
1.385942
-0.210057
0.525648
-0.092575
-1.456647
1.607409
-0.412212
-0.800098
-0.482900
0.712488
2.129916
-0.025969
-0.267477
-0.526099
-0.154421
0.861958
0.143276
1.195475
-0.407153
-1.133442
-0.182794
-0.117273
0.142907
-0.625626
-1.153264
-0.703498
0.568068
0.288871
0.175638
0.580396
-0.512932
0.014980
0.911648
-0.107509
2.323629
-1.182121
1.336072
0.578175
0.287719
0.458877
-0.131671
0.005047
0.531181
-0.738685
1.650370
0.886282
1.268941
1.495055
0.070452
0.910913
0.094648
-1.049787
0.786720
0.219139
0.815025
0.063058
0.100440
1.496200
0.381897
-0.321692
1.623245
0.463274
0.347974
0.285476
0.090538
0.007885
1.141821
-0.206410
0.146406
-0.162024
-1.118568
0.055103
0.095595
0.191498
-0.244503
1.077391
0.777185
-2.002695
-1.387937
1.816814
-1.344142
-0.190930
-0.253758
-0.433357
-0.504372
-1.193423
0.888356
1.379674
-0.805836
0.630287
-1.456295
-0.241309
-1.123901
-0.843428
-0.611119
-0.321422
1.790665
-0.295386
-1.099609
-0.028001
1.519591
0.438577
-0.071561
-1.221567
-1.155103
-0.512603
0.507983
-1.598787
0.640708
1.226408
-0.552129
0.538315
0.956527
-1.150250
0.459705
0.326049
-2.555453
0.053916
0.996149
-2.389446
-0.304166
-0.268373
-0.890570
-0.094473
0.560573
0.743099
-0.617021
1.461877
-0.489670
-1.677500
0.927667
-0.335029
-0.287844
0.249976
-0.833680
1.069571
-0.875976
0.880491
-0.441379
-1.447711
0.320712
-0.666012
-0.003980
0.259605
-1.398853
0.021727
-0.316582
1.410460
-0.858966
0.382304
0.511733
0.579904
-0.796521
-1.079414
-0.546070
-1.439923
0.937341
-0.624907
-0.732661
1.735285
-0.703902
-0.861921
0.277546
1.829788
-1.350464
0.167897
1.658823
-1.472671
0.241300
-0.088394
0.855367
-1.160211
-0.067138
0.216491
-1.993181
0.005326
-0.244138
1.742198
0.261629
0.612720
-0.684019
-0.392610
0.495839
-0.415751
-1.802043
0.534865
-0.445970
-1.013210
1.618399
1.891231
1.436479
0.495119
0.303035
0.603858
0.647557
-0.203551
0.478203
0.842140
1.672096
-0.856564
-0.499565
-0.078819
2.619100
0.017277
0.803030
1.920968
0.604269
-1.622970
-1.539810
1.215905
-0.049138
0.670158
-2.078605
0.239687
-0.166345
0.487375
1.663549
-0.718811
-2.395913
1.732721
-0.534961
-0.072897
-0.294860
-1.477422
0.483444
0.368141
0.982364
0.564063
-0.050546
0.303616
0.976078
-0.205296
0.060390
-0.022774
0.456083
-0.747937
0.438645
1.576774
1.262683
0.565216
1.527590
0.014609
-0.830567
-0.049298
-0.425279
1.236265
0.087487
0.422644
0.072381
-0.092562
-0.552154
-0.536471
-0.507056
0.112197
-1.129822
-0.737163
0.893267
-0.663758
0.455799
-0.639700
-0.304334
-1.198502
-0.506919
0.581872
0.971309
-0.597775
0.014625
-2.491740
-2.094375
1.247396
-1.971291
-1.377327
0.180746
1.275487
-0.648504
2.546619
-1.341219
0.196153
1.736450
0.138421
-0.216430
1.434021
-1.167488
2.280502
0.727186
-1.640587
-1.761376
1.247811
-0.706645
0.456222
1.010623
0.628921
-0.254512
0.807557
0.993347
-0.709102
2.479305
-0.105845
1.462613
-1.151252
2.282000
0.198091
-2.039197
0.462344
-0.452815
-0.303477
0.625305
-0.996069
0.184876
0.199230
1.396992
-2.187981
-3.525890
-0.350013
0.160814
0.591102
0.697945
-0.409410
0.106280
1.536810
-1.219126
-0.140800
-0.372582
-1.042175
-0.106192
-1.822323
0.692259
0.046620
2.024549
1.840419
-0.531630
1.803877
-0.989186
-0.787203
-0.960179
1.557196
-0.005167
1.601185
-0.146529
1.216066
0.436367
0.032132
0.729057
-0.569997
-0.184481
-0.089354
0.452297
1.466954
-0.252224
0.466101
1.443298
-2.743450
0.386755
-2.013230
1.686621
0.750725
1.017256
-0.248786
0.758569
0.575593
1.235246
0.897825
1.296672
-0.657182
1.467181
0.785321
0.375648
0.619471
0.327284
-0.367632
-0.026767
-0.240868
-0.746852
0.624034
2.185248
1.121440
2.000126
-1.573289
-0.018382
-0.808703
0.949762
-1.074444
0.990445
1.473716
0.113314
0.372780
-0.501884
0.683303
0.320148
0.242831
-0.803718
0.228263
-0.657426
1.878672
-0.727950
0.523662
0.372124
0.768016
0.729008
-1.644849
-1.355503
-0.952025
0.725828
-0.249543
-0.334372
-0.103586
-1.560409
-0.053336
1.226635
-1.978019
-1.283507
1.097724
-0.080985
-0.125445
1.224023
0.816268
1.172884
-0.485714
2.065247
-1.062018
0.498794
0.187528
-0.160524
0.297699
-1.725387
-1.282196
-0.545479
-0.671119
0.487204
1.301241
-0.057494
1.085235
0.216413
-0.863821
0.002919
-0.399743
0.870836
1.049493
1.212219
1.080879
0.088909
0.365973
0.626675
-0.721155
-0.094762
2.594183
-0.647251
-0.089266
-1.168803
-0.775564
-0.188856
0.461349
-0.113350
-1.057937
-0.366136
-0.934421
1.410555
0.366205
-0.180011
-0.828714
-0.458859
-0.534866
0.192764
-0.168809
-1.098566
1.720867
-0.994917
0.007164
0.218110
-0.529325
-1.247712
-0.422275
-0.810287
1.572310
0.787231
-1.723317
0.580705
0.106361
-0.533896
-2.165334
0.457539
-0.557569
-0.817263
-0.340621
0.060342
-1.512003
1.176985
-0.243134
-0.886073
0.200274
0.062490
-2.278789
-1.724287
