-1504
2011
-5801
-1196
2301
-714
-913
-2853
-3264
7937
5338
-249
-578
-607
-2409
4751
1670
-1264
-4248
-85
1835
-2690
555
-3214
-3867
1513
859
-390
-3602
-1997
875
-302
84
-1284
813
1040
-6223
3769
-3944
-4943
5834
-4096
-4283
-1587
-3181
-847
1096
-1536
363
-2421
-733
1213
-2316
1166
-2979
-326
-1407
1705
-1173
-1154
-3201
-288
2662
194
-6367
4086
-2719
1456
-141
811
2458
-1822
428
4635
-4510
602
-3610
1316
-2548
-2373
-5371
1929
713
2397
-2338
3228
2998
-845
7804
-1347
5638
3194
5601
2424
18
-1023
-572
4274
-4527
-825
2748
1689
-3738
-4633
-2867
3597
-3133
159
6785
-249
4341
5582
361
2570
-951
41
-2950
715
-2058
-2851
689
1180
3648
-1011
-888
-2806
4402
-1860
219
-2665
-1155
-142
736
200
538
-742
-3150
1192
-1007
-1096
2772
-4368
-2782
3166
3305
1310
-5273
-2118
-2229
-1791
-1356
5165
215
937
-3869
4817
5090
-987
3045
1951
3696
-1630
1255
2357
-1356
1392
-1424
-738
-575
-5496
1492
-4801
2186
2987
-2140
3187
541
-2288
-127
-186
137
1062
6977
1419
6484
-2936
171
2111
-1943
-1903
-3384
388
350
901
-37
-399
-2509
34
805
-4084
-1682
1946
-545
-3875
-3685
-1280
1417
-4007
1158
2080
1889
-1696
-2122
-842
611
688
-2493
3736
2467
45
3087
-1028
1071
-3656
-3825
1541
4234
1400
-5063
1735
-119
-1795
5901
-6429
624
3512
717
1195
527
2806
-723
143
-5464
4837
-506
4560
-6769
99
3441
-1759
5355
-703
-501
1759
-4666
-581
1095
-722
-1037
1057
-408
-2556
-6955
1667
-4051
-1855
866
4118
-87
5353
3533
-3543
829
-846
-4783
9509
-3097
2202
610
5272
-6546
-2248
1450
535
575
-3012
-2160
-1009
-2019
2444
23
-3311
450
-1224
3533
260
-3011
1357
-4634
346
4119
-5432
-1794
1880
-192
-5227
-3560
-2548
3080
1183
2483
-1337
-984
329
-8109
-2355
-170
851
6701
-145
1097
-7242
1383
-865
-596
1030
-5784
1512
-5858
-3491
3095
2877
2290
-461
3404
-689
-301
1093
1101
-3617
1691
3230
-5125
1613
-2063
-114
-3617
4654
-413
4650
-3132
647
-6865
-5292
570
-671
-1845
-2403
-1756
-2022
1251
-4510
-5445
-6988
-338
-3033
8961
6474
-2110
1039
-4589
2314
1581
-2268
3289
-1753
2671
-983
322
319
-2989
-1019
-1656
-2189
-2651
2464
-51
-2824
-2094
2128
-120
2002
-3421
2255
1316
720
2403
5019
612
-2600
-4129
-1985
-5126
-4669
537
-510
1631
872
-998
-586
-980
526
5956
164
149
-1117
-2916
-3098
1074
-4231
4497
-3411
-1361
1553
-987
287
1134
3086
4023
-6218
1575
3202
1724
-4339
6953
7456
2416
-1537
-6732
-1480
-598
-1235
2433
-2421
-6542
3228
5543
-4417
-510
4783
2885
1849
-1220
1809
2259
349
1211
5932
4080
-2581
188
207
2960
-1685
614
-1444
-388
-5693
-6267
1058
2854
1762
1724
5529
-1950
-1502
-272
-2024
678
5418
-2250
-2801
-3087
-914
3710
-4588
735
4067
5821
2362
-1036
2982
-2913
1375
1994
809
870
1583
-1667
1232
1241
3736
653
604
504
-159
4328
5738
3465
-8669
-1909
7234
-4661
2398
3175
-5745
1084
-2472
-3600
-5821
-3723
3891
2879
332
120
2375
6678
756
-5007
2072
3092
-1318
2273
949
1672
152
6580
6206
-3213
-295
-2755
179
-2117
2933
2921
-1485
-655
1216
-2166
1564
1114
4414
-1155
1755
1702
1169
-2286
-366
2003
7038
-2308
782
-2658
-1291
-1311
231
-494
2876
-813
4604
5076
1101
-1631
1956
3437
1987
-7189
5437
-1940
-2306
-146
-458
3123
-2331
2724
629
-1228
-2572
-1628
164
646
-2596
3663
-1962
-1168
2556
-4686
2262
-528
-1230
3246
-2976
684
2377
2557
-857
7099
2487
1118
998
-4653
-1903
5320
-7976
9661
1407
489
5492
152
2642
1120
-5274
1523
327
-1599
1752
-4763
2018
2515
-2263
50
-2576
935
1484
789
-1869
-1620
5504
1970
-669
7547
-580
-395
583
-4587
-2242
-6405
-2604
-2729
4133
-1663
408
-2966
113
-2705
-1539
2093
918
-1137
-3942
3416
9222
-4623
3479
-4266
6028
1117
-2010
-2363
7028
-1412
-1150
-1346
3067
-2279
-3782
-3315
120
-515
-3867
2827
-1246
3342
-3014
2534
1471
-4415
1644
-2832
-2262
-4411
-4354
-1922
700
-1973
-4120
-9560
-1127
-92
-7575
-186
-1157
2000
2931
5601
-1498
-4882
3371
4667
3242
3985
-1667
1841
356
36
538
1999
-5910
-123
11082
-1097
2735
1023
1478
-2950
-2291
153
3469
1182
-1718
-193
-5090
-150
-3644
88
2461
2110
1753
-2953
1848
-5229
-3023
1334
-5287
-2773
2774
3252
-1188
7119
-5549
5484
-6257
-3173
275
2567
-5652
2549
6791
-636
-1716
-4792
-1634
2093
-2643
607
-2578
-2362
909
6132
-3915
1866
1256
1765
1438
-5074
2763
-1158
-314
3180
5091
-4744
-3116
1327
5868
-4095
2563
611
-573
-985
-189
2606
-383
3084
-2037
2594
-2159
-212
-734
-4239
2420
-221
4506
-5494
1066
-1000
1581
-1389
-1879
-5076
-1888
-1269
6082
-1842
-7092
-2722
-581
3988
6588
464
1347
-3369
899
1976
-8120
104
-1255
3328
1587
-337
-1393
-2969
1971
-3816
3541
28
3235
221
818
2384
-3710
-837
-2016
2238
1355
2216
4060
-4519
2499
5229
-1504
-2491
-149
9135
-75
-1336
-349
2612
117
2461
-9810
-5477
-3843
-828
3522
2314
-1549
5434
843
3492
-1210
-1938
2607
1899
1128
1045
-5259
1374
-860
3627
1491
-4181
7019
-64
150
-2189
106
721
-2408
-2044
-4247
9
-1236
1944
4208
1886
-1286
-839
99
2970
-1415
-2600
356
-2794
-1455
7102
7277
1412
3543
-4024
269
1284
-761
7713
1218
1840
1674
1705
-2757
-3954
-428
6100
559
-2083
3333
-4818
237
-3389
-3906
1692
-2879
-48
1419
-3248
6119
231
412
-351
5079
598
-1017
2207
-1011
-727
4700
-1832
2321
722
-1692
5032
-1258
2541
5712
-986
-435
-484
-3018
3687
1295
-3868
1817
369
-3462
2196
-6175
-425
-1492
3592
2732
4390
4919
2768
-2523
-2782
-5717
2152
-34
2810
-4986
4543
-791
-1670
-2123
-251
-3256
3379
6067
512
1210
1730
-350
1452
-2042
3453
-4694
-3356
7728
-1333
-1460
2620
-1383
1788
-1445
-3558
2913
-4446
-33
1184
-3590
4758
4261
5920
-651
-265
-1830
-3690
1758
-2346
4070
10017
2644
5078
-3258
581
-1094
1554
-3552
-241
1949
1729
1710
1275
-2751
-1068
-568
-6990
4325
-1019
4631
1229
-897
-3522
-3251
3904
382
-5456
1897
-5297
6612
-4069
3070
2554
-1048
-2221
867
-3272
6306
-4341
2848
3310
-3899
1938
4752
-1250
-17
4564
844
-2674
-734
3321
-2507
-10
3124
-2202
-3336
2684
-1621
3568
2053
2326
2583
1393
-2222
3509
3899
643
-2129
-3945
2679
-2029
-1594
-1908
2003
1366
3776
4826
-2007
-3701
455
-1571
139
886
2507
-2439
3378
-2106
376
-749
-800
-2518
-2280
-1564
4790
6151
-1275
-3946
-1701
788
-96
-2042
1667
2271
-979
3817
-1994
1175
-1851
-933
-4961
2448
-3675
-499
-5471
1295
-2003
1210
-2037
2681
-607
-1350
2106
1764
1987
-3882
259
-4010
-4179
-4
2306
1389
-4679
-3049
4695
410
-1490
-5771
-3221
2502
-6065
2478
-2681
5771
-4265
904
1994
3387
1070
4889
326
-207
-2706
579
3026
1329
-1751
4559
-3069
-2378
-2058
-144
5266
-3506
6202
-6456
-20
307
3327
1183
1258
-3233
-1538
-5115
-3548
-334
1013
5360
1446
1683
4604
-6035
-2642
-1620
-1213
-2677
1092
-1929
878
-2577
-321
3864
3283
-253
-2960
455
-36
3783
-4392
803
550
-483
1121
-1270
-2548
-63
1521
-4091
3969
-2744
4497
372
3078
974
1793
-14
-2653
4063
2669
-2116
-430
-1879
-410
960
-2915
321
-2768
-1269
698
-732
-2234
-1828
1567
-1052
4413
-5672
-422
-459
-713
-2676
611
-3745
-133
-8620
-20
5862
-1648
2558
-3459
2954
573
159
4795
115
2077
-2523
2455
-4845
-4550
2546
-1803
95
5643
4622
-890
-1253
-3395
1566
1264
245
5149
-3140
4838
984
-1522
-43
-5696
-2612
-607
-3585
482
4079
2753
662
-2359
-973
-3522
3063
5020
-832
177
-1109
-3323
-4162
-1665
3648
-1408
4220
-6461
-2065
-3156
5431
144
-264
-1490
-111
881
-3364
-4358
2128
-1997
-3338
2564
4468
999
266
3125
-3940
-1605
-2169
-2597
1861
3938
2356
3246
-3678
1048
-4853
-2664
-1814
656
812
-3104
-1517
-2509
2355
-2943
-1413
2924
2657
515
1984
-282
-1745
2384
-385
3118
383
-778
2371
-998
4472
-2856
3536
-2102
7491
126
-4398
-40
-1054
485
669
1699
7072
-7924
-1781
-804
-614
-1080
-1121
6056
-1757
-4720
2295
-2902
1313
1435
2360
-564
-725
10
-950
3959
-3371
-3032
-2048
1445
3789
-2402
4936
-3139
-1092
-2758
-63
3440
-1220
-1419
-3139
-7309
-5410
-1262
-825
-629
4045
-3789
1753
-5833
2016
-302
-560
2694
977
3351
617
-2399
-95
43
2445
3189
-187
-3833
4351
-1313
296
1791
-4818
625
-447
-1511
-423
-3017
215
-515
-1442
458
243
-18
496
2297
3147
-2915
-1819
1587
2047
-1309
-560
-1241
3167
2769
2250
1288
-522
-3594
1589
-7333
-3373
-3010
-6195
-2922
3967
1853
3892
4362
-1699
2363
1627
7030
3448
-2928
921
-4133
3701
-2275
2593
2537
6652
96
-9944
-1677
210
9069
2255
1881
1007
209
161
-4309
-1188
-2900
-4129
-4244
-1393
-6220
1752
-460
2026
1294
161
-2895
906
2964
-5076
1394
1607
-892
-1588
2103
3126
-5089
-3030
2932
-34
1804
1024
2914
-448
-3901
-613
633
-89
3069
3908
-2490
108
1077
1214
-3507
-2125
4046
2559
328
-3275
1329
1156
-4869
-662
341
-1203
-5507
-4951
196
-277
3295
3806
5369
-1331
-3341
2330
1017
2825
1060
-876
-3180
-4409
-1917
-1915
-2301
2825
-1806
-634
7480
-1238
239
-155
6883
-819
-689
-3859
1866
-181
174
1468
317
-4920
2057
-412
-1961
1325
2744
459
-4779
4470
4692
-3121
2390
1684
-2371
766
-4175
810
-4333
5689
6158
1742
-1431
901
902
2230
678
-2335
-2763
5252
1289
-1284
-2752
3745
-2652
2499
-1155
4530
-1244
-5094
87
5487
-3304
-285
210
587
3101
-2782
604
-1071
1588
3449
1929
-6408
-1139
3836
1335
268
3364
4910
-4279
-2267
-5035
3171
1213
624
-495
2627
4942
-4972
-3281
-808
812
-2929
-1986
-5265
-475
165
-3538
-656
-601
-919
1307
599
-723
-1565
-1894
5189
564
-1411
1948
-1830
-4476
-216
-1115
4341
-1853
-1034
-1218
-431
1431
458
-2473
2811
1236
-2512
1528
1006
-1060
-841
-966
-3509
2265
-1871
398
-1525
-2855
3274
-1528
-485
-1211
6227
1061
-5031
-4296
-2714
-3940
-3405
-216
317
4398
1738
2817
1078
2376
-1700
882
3265
-2579
-2389
793
652
-94
-4198
-756
960
-2473
793
895
232
1095
188
1995
-3772
398
-2787
-2495
-836
-4363
2875
-1989
2455
3046
-390
4249
-3834
-4013
4501
2435
-4166
-3383
-5228
-1120
-3588
-2821
-1261
-1858
-645
2601
1047
668
1643
290
1774
-3748
5813
-1337
-1674
1244
-1459
-796
-1392
-2574
1039
-1140
3521
-3867
3556
-6074
812
1084
-1471
-2054
2229
648
343
1786
-1147
3098
1397
4506
-1991
2998
-1324
3748
-5575
-1735
-342
9484
3862
-2883
1514
-478
-1464
1098
-5206
5103
-2149
-2956
2269
-2820
1173
-1676
1055
-377
5507
-1221
-1189
-1036
-5619
3871
4784
4628
1661
-524
5819
-3560
6285
1307
1295
1329
-4255
-2939
-1596
3002
-2384
3586
3998
7609
-3840
-407
2860
4464
-4575
4393
3121
1816
-2561
-2728
1139
2039
5674
2801
3117
2113
1552
-5809
-2022
2195
-610
633
1253
3398
-6807
5540
-1664
2868
1471
914
150
-2073
-1017
65
-383
-1303
-5771
-2382
3128
507
-733
413
1181
-2920
-1570
-5000
2826
-1374
631
2933
-1173
-300
87
-878
-3255
2112
851
-1970
3674
-453
-5205
-3720
-1341
4341
847
1076
-3592
-1478
-605
-4895
-200
3678
-4650
-3131
3908
713
4986
2412
1647
-2943
3233
-2623
428
3644
1555
-4310
-4749
-3422
-1991
-704
2627
-3572
3531
2439
1382
3893
2253
2316
-2175
-5345
-5523
-533
-1685
-1126
2350
-758
2578
-1231
2951
-574
2455
-1223
1056
203
3282
71
-4484
123
4821
5683
-3949
1885
2271
-1909
529
4583
3663
-4200
295
-2710
-1638
881
3343
-2308
-2904
1341
301
-263
-4862
-3359
-5425
2205
-2009
-1253
4146
5470
2202
-2543
801
5106
1131
95
-2006
2874
1389
-4419
2296
-2808
-5971
3540
-1085
9547
2662
1024
-5640
1780
1613
-2971
187
-2703
4081
2857
2223
1783
-121
2009
4214
1523
-425
2106
751
-6074
2352
2970
4752
2064
-5786
-1900
2195
3117
1994
5143
-1364
427
2726
-1603
1910
-592
68
339
-717
-511
5000
-6782
-5569
-5771
890
570
3073
511
-1873
3903
-2629
2104
2004
275
1593
-2766
-1901
2851
-2885
-3073
-979
704
2103
-1144
250
-592
3670
-1824
-52
2835
152
-1701
2827
-3226
3997
-1203
-2531
-179
2305
-3296
2451
982
1569
-7393
2577
1916
-2197
1456
-3621
205
-2008
-780
2760
3218
-366
2030
1132
4148
-689
-2716
-2735
7301
-3196
2602
-3015
1003
-5118
-2895
3435
3661
-2844
-620
-1392
-1310
2153
-6328
3141
913
4471
-3492
2286
2972
2386
-5449
2473
-485
1350
-1455
994
-2250
-3662
-1485
406
2683
3902
-5255
1282
-2804
-4904
1713
518
2404
2199
-2904
725
-6484
-1858
196
1123
-870
-3235
-458
-505
990
-1213
1249
-1318
728
-1542
-3124
-1019
6267
-629
-1042
-1959
2980
690
-303
-4064
-5154
-1224
-2186
6200
-55
-1248
2522
3746
-1780
2547
1099
6112
-2344
2935
-9074
-3792
1432
-1200
878
-933
-6356
-1787
-5321
-2066
-3713
-6173
7442
-4959
5885
-3156
4101
-1174
-1066
6760
-1890
121
-1757
-671
-1165
-448
-3033
-4330
3025
578
5684
258
-3189
-2750
4559
-1302
314
-4277
-1514
-2363
-1306
398
-196
-2231
1063
-5222
-2308
39
-2090
4289
4100
-2531
1119
2702
-1125
-1321
1134
102
-615
3110
-1144
-3343
15
-269
18
3440
3543
32
5827
-2343
414
-1137
60
-1001
3502
1290
-1484
160
-3210
2645
911
-324
9096
1095
429
-1585
-810
47
758
2444
6274
-7531
-3600
2616
-5418
1321
-658
1769
-3276
-1826
-2650
-2525
-2301
-582
-663
-3087
-3364
239
-1187
1650
-2610
3427
-3230
147
2236
2209
-1020
547
-460
1610
-228
1644
-5949
3877
-4665
-2152
806
-7424
-839
-562
596
1160
-1301
-2531
-1836
-8422
-1916
-942
2353
-788
3006
-3703
455
6530
3457
7650
-1830
4254
3283
-2242
4120
3402
-563
-873
43
-830
2117
-2748
-5317
-3177
-3145
-1316
-1332
-4831
2966
-2636
-1838
-4269
-2404
-4308
-433
-4859
-8291
-1009
-513
-1815
-2087
-828
2818
11
1509
3915
845
-2990
-3616
3406
-3865
4245
-465
476
922
-573
4475
835
-2656
1293
-1500
-6393
-5707
2137
-2400
6154
433
-1001
-1894
-5366
3180
-107
-1329
-603
5162
3367
563
2471
-404
4223
369
-1904
625
-7014
-2531
-1289
6159
-1702
886
964
-1772
3005
-818
-560
1659
-6736
5072
2364
-708
282
-4672
-4740
-5716
7119
998
1391
-4749
1620
2238
-1596
-6649
2517
3976
-2640
1863
-4225
-4554
6686
1639
8501
-2128
-3627
2177
-4768
1462
3232
3523
-2568
-3104
-3655
365
-1470
-4625
8686
41
2382
-842
-2055
-6547
-2511
-210
57
-6660
913
-4560
2665
664
1611
1422
-2908
2571
126
-1056
-4488
160
333
-3284
3213
-3067
1280
-3435
3738
1693
3498
-84
5268
354
-2388
860
-2003
-74
-322
-2109
1784
-1586
-5753
-1067
-582
-3507
-1331
2333
1841
2775
272
847
-275
2387
1540
1671
-7690
356
-399
2599
-4676
-2497
-4632
368
-1977
-3590
2215
-1736
-411
1219
1484
4162
1526
3579
-926
-3850
-1399
-228
726
4494
-1786
-769
359
1783
-3033
1887
2476
-1131
4988
6139
4369
-3358
829
-3323
2071
572
-1133
-3017
1544
-4700
7292
1813
-3275
2521
7067
-2558
-2043
-1875
668
1614
4850
340
1168
-678
-2959
-5122
-1152
3248
1952
-1616
-1523
386
1359
-1335
268
-1055
-223
-4893
-55
-2282
-4400
669
5770
1129
-3022
2995
2389
1021
-2211
2444
-5184
857
-1591
-4258
-2727
5378
476
-417
-479
-4118
-2586
1817
-672
1827
1813
538
1644
2720
3745
1175
1790
-3652
-4132
-3785
-1124
-3486
8443
1614
-1628
-1809
2630
-2039
-3592
-2590
-751
1840
1243
2903
1135
987
223
-3278
-2155
514
4945
-1933
1207
-900
-2885
-1931
678
3034
4637
-5270
-7
284
1524
3834
-28
5040
-2690
410
-732
-884
-1096
-852
-851
-4731
1305
3577
1821
-1775
6181
2146
384
-3321
-3152
-753
-2711
1288
-371
4475
-1626
1041
852
-3055
2127
1564
-503
-2063
-486
-4811
1942
2352
-4292
457
624
-2062
-6916
35
-1455
-1461
-2720
-1318
-1251
-2387
-481
-3567
-984
-2389
166
-351
-2546
-245
64
-872
-539
-446
3
-210
6358
2276
-20
-4894
-2200
308
-1583
-2551
2151
-6522
178
1395
-466
1064
-338
6726
-1135
892
-7086
-767
-702
456
-4914
-2354
-1219
2356
-2021
4691
972
-2144
-3501
3467
-961
-3812
1047
-1243
1227
490
3391
478
148
2938
-3495
-1305
-1161
-3438
1777
1154
101
-776
-2773
328
-570
-270
2663
-1209
1506
6251
-5181
1458
-6954
3994
-2248
-770
-2032
-1160
-4260
2011
776
-249
-2779
505
1420
-6223
-110
-1281
-1367
1039
1379
-6178
4136
2388
1246
-1890
655
1568
168
-4058
1517
2843
-3175
5753
-2504
934
-5149
1619
-4669
1021
-1816
-2870
-136
133
-2951
5095
1474
3065
4125
-2780
-5180
-2096
1986
-2109
-2443
1285
98
-2475
450
-412
1323
-1556
1081
-4955
-2328
-1654
-1256
926
406
-737
2999
1026
-4522
-2064
-1214
-1687
457
5912
2632
-2685
2179
-3508
-361
731
-68
-5951
1523
-204
-3461
-3528
3035
3090
63
1724
1489
3003
-2321
-620
618
1708
-1442
-4535
1249
-5463
1189
3734
1502
3273
-404
1894
15
-1358
6272
-1512
3236
3744
-1574
15
-415
-2561
-3233
-166
-3561
7461
-5166
4429
1929
4545
-2857
-376
98
-5995
-2774
809
-515
-6133
-1434
2052
7824
1100
200
-1031
-10760
-4526
-2410
-3095
2962
3307
1661
-4574
24
-3436
-5536
-103
-1117
2726
-719
1446
-3677
-6520
2341
-4597
105
2160
-2123
-1416
4060
-3749
1407
185
8603
1404
4415
-2503
-3784
-2384
687
2762
371
420
3489
-1828
5921
-3802
-3064
-2748
1705
-848
2850
126
-1723
-569
-9079
-3836
3279
2898
-2105
-7569
-2377
-3898
5653
-4027
4426
1888
-1831
-4228
2367
-5372
-3723
-5315
-617
-3134
131
3981
-5310
-5343
-2183
-7379
-559
-2954
3456
-4438
134
-3167
-3036
-5975
-1678
2136
2350
-1680
-2340
-1745
-1408
909
-2077
-1110
1553
-346
4038
4048
5236
-2149
-446
781
715
-1383
2165
-5052
1270
-3029
-1859
-3215
1642
5145
-2415
-5965
3031
2990
3420
-941
-281
144
-1568
-543
1032
1803
211
-712
-184
-2894
6019
-31
3926
-1585
4438
-2397
-1429
1037
-4598
256
-1313
-1189
1138
2477
1385
-785
-3594
-6132
-1350
-2176
-3783
2739
865
-962
-3735
1100
2444
-1107
3338
1942
4508
-302
607
2163
-3447
-6347
-1331
2197
3003
2366
-1760
-3038
-1265
-2506
1822
-898
563
-364
2644
-519
-1302
-3060
-1864
-3696
457
2021
-2801
2402
2702
-894
674
-69
-5028
4305
-6284
1370
166
3513
-772
3452
-4340
1697
2562
-2429
3519
-1184
-3451
3820
-3220
-2380
-2880
1756
1184
-1362
-1540
8088
-1787
2198
-4091
6868
-921
-7899
-680
-377
1404
-5622
2215
1956
3227
-392
-998
-6212
1956
-1500
5748
1993
-2498
6700
146
-1607
-632
-2137
3929
1381
-129
525
1101
-3016
3269
941
-5185
1926
1196
-898
2789
-3474
6168
1887
1219
-846
20
1280
1102
7014
2693
-412
57
-2164
-44
3872
-43
1045
5408
-1293
14
-2363
1727
-2744
1086
-1379
2444
-1759
6065
-1955
137
1812
-784
1607
1203
-1814
-4575
3893
-914
-3628
-1928
3775
-726
-3409
-1275
530
-381
-1411
-1067
-606
2381
-2175
4992
2405
269
-3062
3527
-3505
-3261
-1761
-281
-2457
1074
290
-138
2529
-584
-2014
-87
5575
-3848
-2501
3743
1973
-2336
5319
-1092
-4941
299
672
658
-1651
-845
-2289
-2280
-341
6165
-968
806
4506
5160
-838
2396
723
-7378
5350
293
-3448
-545
3791
-3499
-3362
-3721
1129
-1026
1409
-2728
-2522
2744
-5194
-1874
2047
2848
2384
2530
2569
-1935
372
-3038
3473
3539
3125
3806
1590
-3334
-4616
5014
74
-644
265
-1785
1855
-1031
1122
6572
-464
-88
1792
1969
1522
-196
2790
-4202
-1578
2850
1385
548
486
-2249
-117
3117
849
-2613
4858
-2994
441
-93
-7279
2096
2714
427
2138
9123
742
5821
-2439
-5329
4981
-2391
1276
1032
5358
-2582
-2793
1566
1683
-5815
5299
-4287
339
-637
-2034
59
-3019
560
-3066
-7025
-3602
-146
671
-4311
-3504
-257
-52
1932
1629
485
3434
-2137
2120
883
-3004
1862
-389
-1710
832
-1289
3339
3058
2663
489
4509
4874
1183
3687
-195
-1690
2178
642
3672
2184
-1099
2639
-6275
8754
-2443
3135
1239
-2396
-4324
-1867
138
3988
1860
-2225
322
1049
97
-975
-169
1202
-3525
475
-3483
-822
1991
924
-229
-4560
-4174
-1244
2156
3370
-6095
1256
-2323
2175
-196
-2965
-1161
3631
4110
1439
-8016
2116
1745
3614
2229
-2973
3448
-1509
-3391
-6204
-917
4322
2149
-3724
1379
-548
6146
-431
-468
117
1986
671
-4206
-4419
-951
3463
-3790
-198
-143
-651
7349
1809
-2161
-1948
-1847
1646
3248
-506
-4123
-3501
2346
4366
2617
463
-4190
-1249
-965
-3161
-1840
-288
-272
1589
-2626
1466
3118
133
-2336
3758
-1406
-5768
-3404
1495
-1717
-3794
-248
515
-2600
-52
3848
-1321
1881
1008
-5722
-4756
2897
1125
5419
-784
290
-4292
176
1172
-3042
2782
4383
-2563
-2416
2399
-1308
-260
-5419
7969
2832
-4658
3307
-2068
1454
-749
1785
-3110
3020
4445
5234
-1173
3071
2939
-1635
-4925
4074
-6037
335
-5977
-568
1322
451
-5175
140
1531
-429
-584
-2970
-93
3673
3465
200
4983
1903
-2462
1891
2519
-3471
-375
3863
-4063
4813
-2306
-1697
925
-1499
1926
4776
-6546
1531
1940
2086
-4887
2997
5106
-3109
2795
-6591
1951
-3074
7776
559
1525
2306
-5984
902
-1634
-1208
-6630
-591
-1501
2134
33
140
-2368
-1051
-2384
209
623
3258
1486
31
452
-665
-793
2087
2777
2439
-2730
5051
1863
1299
1338
-4672
-4322
3095
1850
-3731
-3033
1038
4088
-3381
-4005
3370
2050
106
-485
3213
-1252
1818
378
-1556
4758
358
-2333
3160
1885
-3848
2232
-1843
2327
1762
1254
-5137
-3790
2177
5311
-1628
48
-1255
2693
3204
-6702
1247
3406
3133
-1619
2267
2336
-4087
-1680
3420
542
-3793
-6083
309
-2358
-3437
5649
2195
1544
38
-272
-64
28
-589
-197
-3016
-1017
763
6805
4078
-1838
-4123
664
1248
563
3708
-1967
-4496
124
2288
-211
-2416
-2063
-1031
1558
-3401
4375
1217
-3130
738
-473
1963
437
1384
1510
-4584
853
7421
-1599
1806
-587
-256
-144
-1295
-2511
-543
1953
-2490
-5037
5353
661
-555
-638
963
-2898
-1652
402
-2783
474
3080
537
2922
-1001
3201
-87
-8490
1569
4044
978
-578
-2477
-4523
1681
-1152
1016
2597
-60
2649
-6287
-1473
-43
6150
789
3076
-2078
1517
1314
-3290
871
-998
572
2520
-3994
3648
-1968
228
1678
2741
-1807
-1936
2418
1282
457
-5207
2097
-125
-729
110
4071
-4685
-323
-2770
-1503
71
707
2273
-2147
1866
1166
-2043
-1069
-2932
474
7384
-655
-1524
943
-2307
4592
3770
-1111
3215
-479
-5146
1810
5997
-4819
3192
2824
-2737
2443
-493
-1170
-3988
-1960
246
1880
-1398
-1761
3815
-4130
6578
-3655
-2110
6104
-4211
2519
-5511
-880
-3383
-2934
-6440
1422
607
1370
-1958
4549
-1984
-2923
1287
2795
-3435
1424
306
2563
392
-3566
934
-5874
-1356
-2587
6599
2056
-703
-1424
-4299
1249
-3186
-187
4304
-1324
-4760
3698
1987
1304
2054
-1781
-1415
2454
-4365
3150
1269
-4441
943
-1933
1813
-946
3238
-5196
-2532
2150
5394
571
-231
-3451
-5738
4259
-2113
2946
-2784
3698
-5511
-5000
23
3740
-4232
-4239
67
2795
-3234
-677
-698
-2666
-2450
-2133
-763
-4392
998
-5676
-1157
-1869
1924
-2867
-1443
1619
-6974
-936
-3225
-1008
1726
3498
4166
-3349
6815
-3288
3219
-3447
-90
1628
245
-501
2115
584
-498
-1054
-2031
-2256
-565
-3637
-1647
1894
840
-2634
1218
234
-2297
566
-629
1022
-374
-333
2543
2621
1763
402
1106
-2540
-1366
2658
897
2183
-6598
-2474
-1753
-1735
1466
3984
-2437
-5739
-983
3242
243
3082
3124
2150
2739
3967
-5756
873
-1677
1917
-255
1512
1109
1362
-5956
-3580
4954
-532
-4370
-2210
-2461
3386
3594
-7273
3744
3539
-1573
-5457
3239
4423
-3102
2653
-2111
-5067
3352
1066
-808
3469
-8369
-1027
-1273
1368
-531
-3733
3700
-1024
3279
-1656
2788
6647
819
666
2162
-508
-283
-3637
-1920
-7096
1243
-5448
4209
1218
1108
1568
880
1497
1046
1364
-6918
3115
-1410
3240
971
-1513
-285
4189
-2083
1775
2302
-2
-1453
-949
-357
-1985
-4048
-5762
2699
-2910
-1898
-135
-6518
1332
-839
-3960
4859
-368
638
-5131
-1135
568
295
805
-1347
-443
2050
-3198
31
5757
-5041
1873
2748
-338
1185
2478
3548
2377
-578
4544
6984
1319
-1465
-5009
-259
-3922
401
-5347
-8925
-2144
-324
-1412
1124
4861
2168
297
5318
-496
1761
-6438
1141
189
3032
-3024
-3821
1552
32
-1972
2903
3880
3658
6950
-933
-1827
-606
-324
2021
-4788
-141
4527
465
1711
2501
837
-523
-723
-6333
-4500
4680
1336
3079
502
-3848
3226
-2503
1900
1983
1053
-4496
4272
4528
1778
-6196
-1293
-489
5412
-7645
2296
2576
-847
5020
-904
-1052
-447
1136
-4042
2330
1064
1077
1407
5170
-4716
-4736
-1145
468
-1794
-1021
-24
2792
-34
-1381
2864
-769
1805
1680
-1084
562
1239
-1690
-1200
354
899
6632
-245
-431
-456
-5741
3137
3533
5861
-968
-8046
-120
2934
-4497
4722
4099
-1424
-5871
-287
-71
-3705
1527
5565
1232
3739
-1154
1569
-2690
-3114
438
3670
3381
-271
-4343
517
-5429
-3937
191
-2152
3634
-3265
86
-4775
-3579
2913
-3154
1629
1718
869
3178
492
2493
481
4552
-3416
-2369
2326
220
-2047
4690
-3117
-1649
-2801
1896
1669
393
1216
2833
209
-2151
-2080
684
3073
-438
-1767
-1762
414
-6451
868
880
3020
-1098
-2555
3482
-3680
-1398
2321
1028
-3582
-1923
1250
-8861
3675
8925
911
1215
-50
1491
-1237
-367
-1243
-1481
-856
-1213
-2942
5702
435
3956
-325
-1492
23
-2312
-2964
2745
4849
-1170
2303
-554
1253
1466
-4271
-6329
629
-1814
4457
5181
-3931
-1684
2517
2073
2102
-2935
5167
1079
-1317
963
-285
-3255
-256
-280
1140
647
-371
298
458
-3983
1691
375
-4476
-2567
-2002
-2848
-2094
-810
-4312
-1542
1356
2165
-6142
2771
-510
3680
1383
-3259
3273
2860
4000
1338
-2632
735
1361
-2093
2832
-815
-1577
-1966
-3498
-52
-3706
-2037
2962
-2962
-5703
-2410
-125
-6116
1172
254
3182
111
4511
-4294
2229
-3731
306
-405
480
-6101
-4763
1031
-984
2697
3293
1432
-3331
7853
6003
3704
4492
-1027
-2607
-674
-4543
1125
5854
-5934
-4316
-4342
3116
-3125
-1898
-480
1803
-1955
725
1601
-616
340
1323
-1771
3467
-747
-5494
7051
-3458
5532
-85
-745
-3556
-848
2686
-3479
5240
-196
4670
-840
2229
-3790
-2187
2671
3372
-1785
-3338
-1287
-2306
-3084
-493
-79
-850
-748
-1500
1381
1741
4742
-4298
-1116
-3042
-63
-320
7306
1612
2266
-2397
-4404
-883
4606
3581
-3465
-2631
3126
-968
-711
-4903
-5494
-4149
1345
747
3553
111
1400
3641
-1763
-1388
-3229
-5412
424
-3916
8328
-474
-3358
-2379
4381
-1062
2752
-6402
2151
-1805
3495
925
357
-5985
-1256
3673
-157
-424
-3745
-1898
-524
-3356
-3320
972
-1349
3615
-661
-3976
-3276
2925
7132
-1924
82
159
239
-3488
-102
-2068
3380
1937
1287
5561
-245
15
1303
2239
-1939
2488
966
-2065
-5266
-3564
-3748
5315
3205
744
-1353
-2108
-1441
1678
2213
5905
7503
-3247
1621
-826
-2269
-2413
-137
140
718
-948
-2225
-2831
-230
-487
-2188
-2933
294
-2488
-4099
4211
2212
1058
-6000
5520
4481
-1692
3765
-1032
-9397
3318
1233
-2615
292
1166
-3884
-84
3993
5751
813
-2896
3932
1094
-1188
-3059
-429
558
2546
198
1104
252
4335
-1961
1984
160
1758
-3018
-1781
-4655
-4256
-5464
889
1648
-2154
3055
2978
3035
-3442
-550
1900
282
963
1954
-6421
-1436
-5912
-3447
-2977
6301
628
-3702
3028
976
-3207
7067
-1594
2230
651
2207
-3659
-4259
1275
1440
-3749
-2645
1176
2911
-484
320
-1033
-6716
931
-3458
742
5191
857
-2893
-341
6835
-574
1116
-2060
-1331
-2848
-2422
-1115
-2101
-172
3551
-6349
-4655
835
-1658
1429
2261
1038
1913
-2187
-1107
-1622
-1125
805
3050
1681
-4486
-4710
-2339
-5492
-144
-325
1481
2788
-5145
-168
2718
4614
2682
-526
-6757
-3515
2270
1524
-404
852
-1814
4670
1551
-219
-553
483
3797
877
4468
-1205
1834
-463
-2936
-609
1160
3249
1767
-701
1501
2333
-54
-954
3413
-1564
-2318
-1453
-354
760
-236
-1769
-1406
3578
789
-8044
3544
-75
-346
-1631
-2540
254
-3238
-3943
4743
1635
1251
-1586
523
4325
4824
-3864
2075
-2997
-1508
2959
3782
-1807
-927
1298
1303
-2723
1329
-3049
2365
-632
-696
-539
-1219
3304
148
-2472
3437
-3390
1177
6723
2779
-542
6262
4874
-7055
1547
-567
3766
-3732
-1825
1020
728
2596
1287
-1890
-4189
2471
2260
-625
-4223
-47
3901
-2112
1530
-2197
-831
-4593
689
-752
291
464
-4568
1042
8531
3320
-1744
-4752
2699
1221
-1239
2998
-1193
-5947
618
-2374
463
-2261
-1027
6084
-3970
2118
1524
-2782
2432
-468
600
-3290
-1780
-1142
-3782
-1655
-403
-5266
1218
567
5808
-1176
816
-367
721
3616
-1165
2151
1764
-2524
-1791
-3971
-1742
-449
823
933
1170
788
2692
3429
1139
-1912
18
-1337
-3625
-4232
-2689
2675
2381
2485
1202
-1739
2756
-2918
908
701
2416
4568
-529
1519
-751
-3160
-4
-3375
587
-1932
-2561
-538
-1253
-781
-950
1632
-2889
-5298
980
4014
-3981
835
3316
-7189
-153
-1173
249
2054
3370
251
243
-4547
-1697
2296
1887
1923
477
4312
4599
365
-1726
-969
992
108
-570
834
5124
-522
900
-880
7073
2455
702
-669
1320
-306
-2872
2436
-2203
-2977
2750
7665
-613
44
7169
834
2262
-2955
-75
1507
625
-2543
2070
170
9451
2468
-2007
1673
-6631
-4199
-5721
1196
2713
1998
-4403
-3568
-3563
-1099
20
3321
4922
2754
579
1897
825
-1520
-416
1405
-2659
4281
1856
1186
5000
-119
-390
-4269
-2526
-2149
-2107
502
408
-4866
2053
-1948
1756
2192
-874
4266
3388
-1222
-1820
1758
-1855
1511
-1651
2518
455
-1714
552
-546
2264
-1340
1129
-675
3737
-2773
-1040
-4691
-1252
1732
-3416
4852
-9261
1021
88
-84
882
-4021
-92
-1258
6737
2697
-321
1615
-2292
408
1633
196
-1145
-3482
-908
-5641
-1641
567
-2422
-2898
2506
4055
1284
1836
-1726
113
-2205
-2320
2784
1663
-4746
631
2981
-1912
6018
-178
1082
-108
-2178
-1984
-2126
4257
203
-1810
-3019
-877
-3889
5621
4792
-2057
2170
-971
-1310
58
-1139
-2102
-7158
-338
-3611
4595
2128
934
2689
-3439
-771
-3098
-1556
2362
2740
2575
762
-4017
-350
3286
-396
480
-14
-4716
527
536
1198
3067
-112
-3055
870
5018
4938
2161
5914
2469
1014
258
-7531
1320
-2556
-929
2113
1025
2324
1579
1026
146
-3355
-2208
-158
540
-703
1646
2896
-4301
-1176
-628
-1832
377
-3021
522
-5612
2114
1208
-1903
383
-31
-5023
-1114
-47
5301
-5017
-3579
2153
-2463
-2052
-3359
-1108
748
3590
-2751
3037
1853
169
-1218
-1670
484
1013
-3242
-433
2033
2745
2776
4955
-3620
604
263
2576
2642
540
1473
4187
4231
-3636
2670
2436
1561
-6111
2878
-3023
3952
2084
-557
-63
-716
-2017
1218
3666
4478
1480
327
1230
5066
-1903
-2054
-1239
-2456
7501
-1953
4031
-440
-3741
2165
1572
497
-2757
-1241
-2388
3642
-2963
-258
4496
-1630
-3099
-383
6381
-1234
-3603
-3948
-1064
-96
3921
-916
2617
-7953
-4597
-2028
4096
1247
-1971
-2457
6028
-601
458
3494
3211
368
-1712
-4085
-907
3751
-1628
2430
1008
-722
-2500
6689
3549
-4351
-3295
-4722
-1860
3836
-1628
-2731
-6063
-5996
3710
-2408
551
-1914
-3203
46
119
1000
533
-4956
-2330
-2964
3334
1115
-2342
4108
-443
-2572
-1871
-5348
-2893
-4511
2163
-3052
-1753
-5382
721
-2923
-5377
-4791
544
-627
2280
-493
3233
2623
-3782
-2536
238
-3207
3042
-4181
-6860
2097
2813
689
-990
-567
-2769
-2368
2035
-1336
687
3734
2618
-2214
2719
-4642
519
1342
-3644
414
2073
78
723
-1191
376
-112
-160
806
836
785
1833
3925
1796
5858
-5148
-5175
-2807
-2701
874
1166
3530
4422
68
700
-3183
-2183
2298
2326
631
-4288
2494
-915
-1745
-626
-2242
-3477
2366
2447
-2021
1405
-3710
3980
6051
-3654
-4705
-481
-4543
-1021
-2160
1518
1085
1233
30
-1802
-613
-5433
-922
-2509
1090
-1290
215
-993
892
-7705
1769
-1629
2562
2380
3378
4406
-3521
4659
-3865
-939
-6379
946
1882
806
-3210
1206
-2602
-497
-1647
168
-2138
-1964
-63
1114
928
-5257
4408
-326
-2769
203
-7074
-449
2495
-3524
-3684
628
3157
-872
1563
920
687
-3359
-986
-608
2418
-342
3320
7340
-713
3711
2785
-5645
352
947
1984
84
-422
2497
-351
627
1124
-1925
-3685
774
-1925
-938
-1808
-1385
-1859
697
-2339
-1612
1288
-2843
1761
449
2463
1699
5482
3689
606
3406
2056
-2613
314
-1424
-3437
1686
-680
2358
-3574
-1677
1786
-4543
-1165
2427
-1315
-2062
-974
-791
-4003
-1615
-1033
3424
2397
5794
899
299
-2137
-393
2540
-2361
2462
1276
-2614
-471
-490
855
768
-137
-2045
-1944
-4002
-2
4196
-1675
2733
2802
-4483
-3910
-10164
-3934
-2704
5030
67
2011
-1499
811
-2935
1992
880
-91
-2043
-1407
-3797
-726
-983
-1285
1313
436
-174
2961
368
1037
-968
1873
2388
-5215
-3466
-4642
-2323
-3952
346
1492
-3868
4859
1413
-437
-2809
4100
-149
1762
-1353
-642
-3474
-948
2462
-1386
11
-6265
587
-1302
-1823
-262
-1255
-4653
-833
318
-33
-3584
141
-2510
1974
5303
5608
-2264
-4178
4590
-2994
-1728
-868
1586
-3141
-1730
-3034
3420
-6347
-1686
-1825
32
-197
-1253
4151
3537
5204
-1692
4476
-1526
-4647
2429
-2098
-2395
1410
664
699
-276
-1481
3969
-289
1982
-6369
191
-3244
-364
3495
-2317
3421
1293
-2348
-5178
-311
3500
3428
515
1675
-4799
-3441
-3530
460
-1422
-1086
-1250
-3450
-1284
-1326
-300
-1912
1357
-543
-1916
-6480
632
-566
1318
-147
-5179
371
2642
511
1679
-627
-7136
-790
618
1675
-2281
-1718
-4137
-3912
-4187
3161
-2002
-443
1099
-1151
-1682
-6943
-4974
-1610
-2328
-6004
-448
100
1257
34
1444
-1630
2061
2328
-1990
-1289
6464
382
-6340
-3346
-1433
-3682
-4272
-929
-5651
2364
5590
-460
-4627
-2376
-53
-1137
-823
-3946
-718
3698
-1786
-1060
4615
1332
-1214
-2041
-2847
-2516
4470
1443
-6515
1632
2477
-6758
-2267
-1205
-2997
2739
1413
-1687
-147
1564
-1637
-3328
-3061
768
-207
-307
-4502
623
-4158
1843
481
938
-937
-4231
643
484
3322
1932
4273
-2362
-536
-11
-2265
-2151
-2091
638
2316
2483
-1544
734
-709
4250
-604
5740
-3867
-3342
-62
-1147
-516
-3166
-4209
1827
-500
-3051
1595
4429
1622
-466
53
401
2875
-3067
1332
5289
-1361
-2309
1183
-5521
-4207
-3237
-1253
478
-2889
1950
-4970
420
797
-1464
-3043
-2061
1632
3686
1449
-498
601
3626
1126
2613
-2675
3799
1159
-1058
5458
-4030
-2766
-2143
-6521
-3746
3779
-2226
2156
141
2808
-493
-1365
-906
-2298
5209
574
-474
-939
2064
5916
-4163
189
5920
768
9327
-2763
2949
-182
2010
119
1556
-4328
-2227
-2877
5122
-1157
7264
1130
-2594
2179
-1798
2375
-5462
-8382
-457
2209
52
-3160
2828
2457
429
3789
-3660
535
-534
1061
-36
-3823
2111
-2650
-653
-4101
-1074
-1937
-109
1075
4861
-1635
2647
431
-5860
-234
4077
4045
-7256
-1682
1125
988
2162
-533
-1519
-5965
-699
1838
-1270
-3513
-1314
2199
2053
955
-4240
-309
-3878
-687
-149
384
2151
1489
-1008
-953
1538
-4064
-8017
322
2574
227
258
-4635
-1355
629
-2875
-34
-134
445
2006
-1255
1413
3310
305
-1201
675
-1296
-2170
-2934
1514
-253
-1576
-2422
-2533
-4508
-1892
-1578
4241
-678
-19
6689
-1352
1080
-1788
-2271
-3214
421
2147
1066
-333
896
2270
-713
-1059
-2704
-4562
1294
4650
4306
-2300
-455
-1001
-1486
1544
5755
-1550
3035
-3627
799
1543
1573
-251
-1435
-525
1382
-1727
-784
-4473
335
-1977
342
4940
191
1722
2890
-456
-2968
6403
3487
2501
-4773
-3366
-787
-754
5350
-1691
1410
-7307
2654
1468
5314
-2982
-217
-761
-647
3304
1952
-1953
461
-2102
-1616
-2151
3937
-7119
-834
944
650
-507
5196
2438
137
5222
-3240
-4297
2694
-916
266
333
-39
669
-1874
-2867
1444
-3060
-3155
-2856
836
-2800
5863
-1119
-2761
-1078
-3237
-3127
1799
-1940
4611
196
1642
-3553
1948
3350
-666
-3942
2946
452
451
-2216
1437
-633
-5202
-1497
-1093
-735
-90
1149
-3990
-4328
5435
-812
291
-1855
-2612
-2665
421
-738
8011
-800
2675
-6576
915
3409
-28
-3764
-542
1000
-36
-773
3057
-2319
-2024
-323
-3352
-667
-1868
-991
628
-5176
-1695
-2112
3843
228
-1091
-4406
1232
-1665
244
-1176
3939
-6918
2644
5298
1248
4610
6848
-5494
3501
-1986
3172
-2208
974
578
685
2348
3211
-971
38
-146
3155
-3920
-334
2
-1842
3728
3033
-2221
-777
-4761
-1595
-4574
-2790
1535
1811
4157
-1070
-3358
1608
-795
665
-3849
4871
9134
3880
284
4188
1469
490
-1518
-2481
-3862
187
455
4576
401
-2191
-2872
-1438
-5268
-5153
-3896
4004
2284
2029
4374
7
3225
-3717
-472
2660
7341
-1266
1311
-1479
2074
2332
6365
-2517
5308
-1086
-5630
1618
2045
740
-5313
2568
-5599
157
-2025
-432
-2228
-137
-4295
2367
1086
-532
-69
4547
1473
9054
-4010
649
4325
2273
3747
4944
-2074
-4646
2415
2715
2121
-1406
4038
-2301
2384
-469
4364
-2116
-975
210
-1812
1981
2705
796
-271
-2160
-3977
2983
1311
-906
-1827
-8033
8
6566
113
4770
-50
-1032
-1433
-396
-1293
-2316
79
-258
3426
4360
-4152
3434
3073
2076
3184
10173
-684
3386
-1358
-3359
-2189
-149
-887
-2710
-4471
-615
-919
-1633
-8214
-485
-904
534
334
-1798
2066
2412
-5346
-2205
-1534
-1691
-3466
5545
1372
-3251
5009
1452
4561
280
-2284
-642
-3082
-1207
-1658
3647
652
12
-1447
1260
-317
1406
713
3775
-1832
2482
-1106
-5526
3117
2073
-5430
-1706
-1010
-657
4435
-354
-6587
-2814
2074
3360
-2266
5855
-481
-10505
3510
-4940
7179
3403
1655
-6431
1254
3243
-16
-1076
678
-680
-1083
-45
1175
697
-1256
309
-1832
3743
2143
1807
-476
-4581
-82
6407
2323
-54
780
-8485
-1050
1904
2155
4949
-94
-1779
2811
-694
-802
2788
4487
-48
-2723
-1108
-519
-1004
-3564
-4414
5807
-6404
-1583
-883
1515
-31
6968
1294
3277
4141
1938
-1808
-2380
2070
4362
3829
1558
5849
5947
5481
-5423
3163
5507
-446
-656
885
-78
2739
-1336
2919
-8654
-2768
-442
695
-2612
1815
192
1575
-2258
-3968
1128
652
-3580
3344
-3207
-69
-2351
7600
-3364
2584
-2360
-2950
4294
-3323
1623
2500
712
-386
-3026
-1415
-610
-440
-1009
-3021
1387
-5369
1744
5303
-4470
-5267
-1195
-3509
-2963
696
-2018
5725
-1160
-3424
-3991
7671
21
1288
3430
-447
650
-2041
-2800
-1040
-3366
4199
-4695
-160
-2761
1300
3521
-6079
3857
-4634
1874
313
5681
-2810
-6360
-3715
-1193
-1337
574
853
3531
2444
-1412
3183
2331
2519
291
103
1632
369
-4131
7910
3071
-1874
-71
-1248
-2175
-2484
-3650
-1698
-2483
-4906
1218
55
2376
3658
-820
1207
-1162
-2868
-765
-2086
-4348
329
-1144
5915
-3356
3407
1478
-1523
-2551
825
177
-588
3096
1504
4030
-1752
2830
-5694
884
2728
-1578
-428
-10218
-649
4779
2010
2384
169
1225
1358
-3207
-638
1564
-5682
-1789
2328
-984
-979
-4416
85
6807
4880
-3185
6140
-92
5164
3279
689
-3903
-4716
-4839
-3966
-3765
-1759
-3109
-3058
2183
985
-1178
-224
10891
-2935
5127
792
4749
-1181
1882
773
-3315
1537
4101
-3136
324
-1162
-127
-6849
-699
3730
4533
-247
2548
-701
4726
3622
-2839
5777
-1763
1475
536
-341
-3501
-3049
460
2995
3550
-343
1626
770
-5828
-3864
-1581
-1222
-2278
1196
-1830
-3220
-966
350
2720
256
717
1117
7873
5002
536
-2210
-926
-3706
-6926
-1092
2530
-340
65
-501
-4012
226
779
2468
-2306
3245
1861
2385
-2133
-2209
1119
760
3396
-4117
-3807
-1489
1684
3981
4455
1894
-1678
5314
406
6112
-902
2021
-4641
357
778
-837
1615
-313
926
1519
2178
1963
-983
1032
-2373
-1071
-877
-6152
-213
-1208
654
4031
582
-2334
-4761
2684
-5539
-1615
-4464
160
-2203
-2529
5426
-3216
420
3667
-1601
-2624
3715
-1528
4308
3900
-2443
-4744
3379
-1750
4887
-3176
-12
-6568
1405
-554
-582
-5249
-4465
-3978
-3749
-929
-3260
-5540
-1240
-1936
-2452
3292
3851
-3507
1809
294
2994
-6534
-2686
-1383
-1214
1382
4038
-896
833
2689
-3425
1257
234
-5158
-1981
160
3156
-6640
-3531
-2145
-2886
-3457
-1237
-6497
-2696
-5970
-1795
2457
2487
-6793
7
705
-5624
1630
-4296
-1704
5094
1634
-6019
-1974
2623
-3757
2935
3851
-1627
-85
-425
-5500
5450
1545
4902
-1434
2612
90
-5939
-3637
3303
1382
3283
-4051
335
1905
1688
-5192
-4074
1247
-2296
-300
-2260
-1496
3652
-2835
3179
586
749
-5115
-284
-2423
-525
-6948
-1735
-4490
4283
869
-1118
2863
-7563
1684
-179
2249
958
-3630
-4923
-2944
-2540
3872
-1078
-4334
-1409
8438
-4742
-4243
-3433
-1595
4812
-477
-766
4410
-1830
-1947
-1639
-7964
2614
-6649
100
-4540
2471
4537
7733
-1784
1142
3651
-561
1164
-4587
-734
38
-1440
560
-4957
-4596
-321
-1600
-504
-3154
-3554
-3485
3588
-1441
-902
6619
-6286
-908
-3349
-112
-1682
-529
-254
2946
-3673
-1385
132
-4491
2229
4479
-1764
-2277
-79
-1236
-2948
-1888
1737
4356
-2948
-1047
-779
-124
6496
1918
-1892
-3061
1683
746
-1709
2920
-1458
-3934
3314
3268
-1240
1411
987
-1372
1817
-1072
-1378
2103
3133
-2133
666
-985
1506
-1436
-5287
176
41
-2383
2523
847
-869
-633
-2639
-2729
431
-1192
-1757
-1379
3166
-5063
-2061
1545
1958
-1881
1600
193
-3020
3331
7346
639
-955
-1880
-688
1588
-7555
59
-2948
561
-6399
418
1685
-1342
2786
-1586
-2532
-161
-1912
-1060
201
1026
505
-3990
2445
1146
5780
-3492
-3118
-2878
4231
-3033
-6914
6294
1337
399
-2040
-1593
1315
2842
-239
-54
-2040
-46
-5083
1614
-2087
2903
2073
652
-2635
-2035
1988
6352
984
2368
868
3711
4439
1918
1489
-2857
2208
4311
367
-6463
-408
2367
-716
-5946
616
3546
2860
5979
-1258
-1483
4259
1820
5193
1259
2256
2127
4855
-1211
2887
260
-4227
2916
3411
6367
1621
-2267
4721
-1171
-839
-2185
-2821
4129
-1109
1509
825
-1637
3843
-2264
2533
-4766
-3202
2496
1721
-436
3035
5253
4137
87
4232
5753
-2794
3999
-622
1141
2828
-1570
4633
-195
-648
1315
4504
-774
1979
5057
-5967
-3522
4826
-2380
-8635
-4045
-1584
5197
-2240
472
-1740
1883
-6638
-1713
3046
3724
-1857
888
-2802
2908
-2863
-3512
1367
-919
1105
3232
1703
6398
2755
-1397
3927
2492
7073
-2517
-2629
-1830
-4740
1127
-922
272
1888
249
2395
2170
-1080
-5720
5226
2697
4446
457
2629
2996
3268
-7115
-36
-1768
84
2430
4208
831
650
5647
1436
4997
-728
-563
786
-630
-187
1484
-1132
-1161
2515
7511
-1182
-4187
-3831
-1023
-3432
-1585
4616
-6839
578
3307
-456
7030
2086
852
-3096
-911
-7237
-1491
-1390
3459
-6303
-1975
2941
-153
1314
2353
-713
1111
-1252
-1480
-10134
-2175
1784
-4799
-5972
1619
691
-1171
-1047
979
-2883
3311
2880
-2494
-2725
5263
818
-3132
-5112
-1124
2533
-2118
1991
1448
1060
-1402
3496
-3622
2899
-2711
-2370
941
-3470
-4598
401
769
-5204
4023
8938
-7372
247
6544
-495
2277
2027
-2495
4544
-2355
2179
-5258
-6592
-4084
4016
3262
-1652
-2152
5242
-4929
2557
-684
-1655
769
2474
-407
3352
-2292
-1450
1516
-326
6018
329
2556
575
-1028
-427
-1921
-2074
2681
-5479
-4616
-1363
-2718
2660
1563
1142
-1615
-678
2774
407
-1965
1773
1419
-1326
2609
1786
-3929
-1294
-581
3226
6235
-1636
-4784
-5095
-2869
2452
1522
105
4339
371
5030
-378
-3584
3496
355
3598
6353
1947
-1917
-3668
854
2849
-3251
-4581
-2280
5640
-4399
-802
5518
-6571
1719
-1283
4892
-1795
-1953
-160
-1820
-607
1183
-266
2846
2251
2196
1883
189
-2345
-4928
1328
3487
1863
953
-1773
958
1097
2028
1465
1339
153
4107
-1002
4712
-2054
7403
-384
-1649
2471
-1924
3959
-523
-5572
5137
-1628
1174
-6503
-629
2226
438
375
-918
7243
-1181
48
2210
3979
1482
5110
-437
-996
1606
500
3340
4176
2549
2669
1235
1530
-3195
2471
2672
2312
1111
4735
-3529
-1591
690
2819
-3627
-2474
-587
1913
4594
-4327
2367
4143
2754
-252
397
1850
-1149
837
1746
2708
1758
-3498
2449
3057
-2456
6423
1683
2298
143
-4995
1891
-2624
-855
-1504
-2827
564
-2509
-2853
-4379
1688
-1292
-1896
-1633
-4664
3612
-5479
959
5304
4575
-4180
-1398
5780
-3238
1182
-8541
2851
-2332
5188
230
7765
860
965
-2201
1152
-344
-1792
3135
-1303
2473
-2374
2878
-666
536
2407
1969
120
281
-1640
967
-2852
4150
233
139
-4953
3
628
-3940
4151
2009
2255
-5094
2176
-4338
-1538
6246
3935
1845
207
2241
2746
5599
438
2607
-2663
-274
436
1284
4645
1690
-1290
-5245
-784
2556
1116
1417
-190
1856
-2937
-845
-3258
3674
4390
-2675
-993
3654
-4463
6975
1304
-2570
-4804
-2765
1698
-572
354
3752
-2865
2357
-4874
-1499
5754
-548
-2783
3731
2806
-3404
-2776
-5291
162
69
-4392
-40
240
-2594
-3099
4462
1978
-12
-2221
-4829
-2222
-844
-4855
946
-4237
8264
975
-2390
2989
1898
37
1
316
-199
-1868
443
2002
1296
-2491
2513
2746
922
-2859
747
207
717
1377
-8233
-377
4576
-2000
-2058
-5056
-3080
957
1678
-1540
3524
-4340
-7550
-3310
977
1665
2341
-2125
5506
-3747
-968
4071
8361
1366
-323
6292
1869
-1428
-750
4028
-2113
-379
-3510
-1997
-4851
-40
167
-2420
-3706
1149
-2758
-1164
-88
379
2107
-3681
3684
-5392
-1328
-1451
-169
-5087
-864
4617
5077
1398
-913
3164
3945
-1862
-6578
2081
-10883
2105
-4057
301
-695
1654
-4090
4842
-46
-1400
441
2174
-536
6726
-2005
542
-156
2078
2952
666
-1328
-3035
2689
2701
2907
1601
336
1752
7559
-7880
-1187
2143
2316
-1955
1937
-1904
3276
-726
-2978
-4281
-441
-2539
437
-2343
804
2523
2875
-2350
1894
-64
-1756
-43
75
-2623
-1183
3288
1696
-6429
-2683
4506
2264
2294
-4471
5502
-2149
-4592
-3735
-2764
-2200
2255
3971
397
2534
2008
1339
-2983
304
-1222
2029
-2419
-1071
7670
4752
-3340
3155
312
84
1363
915
-1690
4282
3669
-4774
3508
-221
1455
-1525
-2921
636
4028
2503
10816
-220
163
761
422
2063
1504
-411
-3108
-1310
-2295
-286
4296
2267
-3831
-3861
476
3703
-3716
2636
4955
-2172
-4585
-4001
-2430
4638
-2108
-2261
-3865
-4020
-2356
2784
975
608
480
-1046
1326
4551
4829
1456
-1678
329
-4651
2275
3460
758
5350
587
1709
504
-1678
-5164
1278
4
-743
-4673
-94
-4772
4124
1810
241
1070
7184
-3109
-1872
-913
-3097
-2438
-1805
2648
-3044
-1789
2656
1865
-23
4345
749
-1172
4273
-3637
992
-1312
-1673
-2373
5033
-2804
-3126
2345
3444
1491
3504
2552
-235
3344
3121
2838
-1701
-561
3152
2390
1105
-2157
4186
348
74
-1223
4076
7856
-3046
4238
4008
-580
-1688
-3522
-1507
-4532
-3259
1243
3465
-4236
2605
-701
-4205
-1858
2563
1388
-4692
231
457
-1616
-1305
-348
2194
-441
4836
-873
1401
6472
4662
-68
-2177
-5558
-8206
5635
-2970
-477
2626
3179
662
4187
3746
-2424
2946
1938
3495
2574
-1791
-3473
-2855
-5351
-1082
-2451
2288
380
-256
4911
1439
4517
2273
3177
-5023
-4457
3483
18
1976
-3345
1135
-6675
-946
3107
2065
-344
101
1386
1914
1512
2019
3765
-1137
-2320
-5069
-2177
-335
-6197
1414
-40
1145
1548
3833
1067
1661
2804
2869
-5973
-2969
6734
-2037
-7308
2005
87
-5832
1979
3365
4694
-550
-2711
2965
749
-3815
-1968
-4152
3680
-4652
-867
757
6318
-15
2400
-3833
2631
4772
-57
-1304
-1552
-1516
3374
-2736
-1340
981
-3471
-2135
-240
-2959
2402
2841
3074
-3724
877
-6043
-2487
-3935
-1483
-8522
785
1280
-597
1877
-2282
-3465
-1698
-6062
-3
-4384
-2700
-3451
-3421
879
-3049
-893
-2505
4378
-2626
1568
1396
3604
1485
-2442
5909
5401
-967
2725
-2379
6965
-4111
-4201
1577
3889
-785
-1034
-1602
-7169
152
-2801
-2777
-2166
4495
3477
-1031
4411
-1981
-2244
228
2175
686
-168
3666
1873
3594
-1272
2925
3034
-4225
2863
-1134
-276
-2436
-2174
1400
-584
3574
278
736
4609
215
-1290
-183
-2747
3163
6783
-4265
-3584
-644
-3223
977
3803
-748
-208
-1022
764
3220
-6031
-1406
-3278
-1631
1757
762
3058
-4667
1425
372
3498
-1552
-9691
-2150
2126
1508
-975
-67
3760
-168
-2874
-941
-4492
1932
1410
-961
-4476
2837
7791
2447
3205
897
-578
953
7115
1897
2665
-2080
-1574
1738
-1843
-2382
-494
-332
-2850
4932
-1131
-1941
-2248
320
193
673
2457
567
542
-450
-1146
1743
-2264
-2308
-1003
5955
1549
5271
3912
-5226
-3983
-1992
2237
3680
3429
321
-4589
1796
-4009
3092
2426
59
-805
-7605
3238
-604
-3016
-3338
6593
-3199
858
1331
682
-225
-868
-1223
2825
-904
-3316
1541
-2675
3341
825
-3961
6632
3858
2757
-521
-2010
-4673
3130
-6350
-2070
-485
346
38
-3283
-3332
-1615
-3795
2503
-2900
2767
1065
3479
-5895
916
-6
2290
-2984
3566
3731
4032
-3292
2101
-511
401
-2096
-4644
-746
-5057
-314
-1967
1946
304
1304
-2339
-2040
-1071
1266
2305
-4866
-475
-39
295
4789
-3222
-3731
1208
770
-2193
-329
1109
4291
1681
147
768
-5459
-3308
-2316
-1870
-9748
-1131
-292
-2725
4740
3542
2099
1386
-1373
1257
-844
4171
-1446
-1268
3233
1149
-7068
-4568
1177
-1499
2783
-2086
837
2776
243
-3593
3057
1686
726
445
-1881
986
228
-1074
-2718
1274
-3987
1150
1485
-3251
1162
-910
-60
2180
6
-207
-2658
3584
-3007
3471
5636
-783
2459
891
1637
3269
-7233
3241
596
2607
1517
-466
1688
1367
1687
895
5418
1695
-2843
-2406
635
592
-960
76
-5348
-850
-135
559
3628
1683
1190
-8667
167
-1553
405
361
-6065
-3606
-1130
2885
2773
-1900
3402
-4724
2109
-554
515
2012
-5290
1781
-2004
-1125
1830
2559
3809
1417
2310
-3911
1837
-782
-4008
-6283
-3951
3781
2559
3790
2832
-1898
6841
-769
3490
2019
434
1947
556
1505
2010
7333
3203
-4136
3826
3349
3112
4754
1950
-43
-3537
-4848
-1922
1238
1724
-1319
1508
-1575
1643
1423
1322
-4711
2350
-3485
4418
-1567
3037
-2442
-2784
-1300
1377
5695
-3902
3178
-1935
-1587
-7725
-46
196
-930
62
-8145
-651
-4164
-4983
-3005
-65
1472
-708
-3117
124
-2579
-1930
-4645
3532
603
1035
3422
-1232
-4794
-1789
-520
1605
-2531
-2387
1174
-1289
7612
2341
4171
5245
-1684
-4535
7006
41
2668
-1550
645
-7577
-596
-5289
2945
-748
1139
1036
4897
-2279
-243
-567
549
-2564
-732
-1585
-1458
504
-2317
1441
-4196
3782
94
1207
-460
6039
3330
4826
6157
4704
841
823
1014
-1190
10705
1225
6804
-2656
1196
909
-1563
295
-2015
-3239
-3094
-2486
1563
-6494
651
4389
-706
-1424
251
-2324
639
-3892
-3057
-2754
3799
-1357
3411
-1644
2261
-139
137
-1236
1924
1699
1592
2544
500
-6242
-299
-611
-2494
-2330
-2142
-3034
2545
1462
-1236
-279
221
1383
-2070
3508
-2736
-964
1868
4537
-4714
1755
-4596
1166
-908
-1133
861
-3851
3412
-4360
-368
-4784
7608
1110
1633
-3830
-616
-3291
548
-1557
-4865
-632
-1424
-1483
1091
1344
37
1617
-4880
4203
2720
3963
1035
3015
-2607
961
560
2739
3070
-8654
5671
-168
-4870
2734
-4199
737
95
-1079
-998
1484
-1640
-2989
3009
-2788
-640
2895
-1178
-5093
-273
-1014
-2859
3217
-592
-3784
-3827
-1514
1883
1850
-1917
1420
-2908
-5957
1886
-2289
-510
2024
5112
3224
-228
-351
-2
-4612
5196
-6
1029
-2309
1095
-2014
1345
4100
-5510
-1752
-394
1536
-3263
-1053
-1796
-3296
-361
4373
-7342
-937
451
1575
293
-504
-1497
1664
-658
2056
-5168
-3312
-3883
1190
4920
3531
-2647
2494
-6116
-1707
2172
-1889
-2163
-1494
2615
-960
2114
1747
5707
-1829
2666
2011
-4118
5469
-2410
-251
-1875
-397
2540
1232
1020
5177
3168
3549
-837
754
195
3796
3958
-2420
5690
-503
4131
4963
7608
-4424
8417
-1217
3764
-424
-691
-4509
-1640
2777
-270
-782
1835
-1564
-7766
1651
-1658
-2604
1181
7646
1154
2010
2038
4573
-2842
9274
-807
649
4959
5265
-1390
939
-3595
1726
-4017
763
416
-176
-555
-243
-1489
1331
-2478
3152
807
-313
-3092
-608
234
3288
-862
2217
-381
-8612
-5147
1053
4565
-1462
1340
951
-1094
2348
586
-1930
2064
-2173
2795
-1560
-2823
-748
-3080
735
2209
5549
3959
-1683
3726
7160
1420
377
-703
1506
2555
-1491
316
1636
5221
-5030
-3003
955
4280
-158
3222
-4267
-2058
5632
-3143
-2613
-1663
3561
-2091
2794
-4020
-2202
-6435
516
-1490
14
-5533
-1293
-2838
-1285
-1423
-1063
-4928
782
2389
-1828
5763
2914
1591
3264
243
2577
-1963
-2918
-1925
-3054
1588
2601
916
3528
1539
-3599
2529
805
-1392
769
-445
-1392
-2717
-2530
-5853
-3626
-835
-2990
-2896
507
-4290
-355
-4261
24
-3429
1335
1819
-3514
1316
-1172
-195
2480
320
-3981
2049
-1112
2029
465
6097
1076
1345
-1368
5032
1684
5660
-1647
103
3931
8054
-5551
-2856
-3143
-2977
-1398
-404
-1328
-1293
-2794
2134
-298
-993
-2104
-2096
2667
-1759
-727
-707
4326
-3684
2010
-3303
1065
2225
-892
3412
1885
-2394
1160
-1270
-1582
5064
-11324
-4581
-337
-1225
5374
1223
-1241
-1936
-5512
-5
1085
986
-4151
3496
3381
2537
-1193
-3262
-2194
-822
-1254
1560
-2062
-3155
586
1495
1046
-1868
880
195
-1739
6433
495
176
8993
-3379
3246
-844
-1948
-1273
660
2521
4134
2833
-3418
3309
-4465
1346
965
-1218
-5028
-646
2430
-5619
-2038
1400
-995
-3740
1731
-1188
4316
231
5468
3245
-3269
2332
-1649
305
-4097
-4379
1939
-7002
3156
3482
3032
2562
-896
976
-3134
-5704
-3146
-3481
-853
830
2938
1125
-4498
-435
134
779
-3364
-1752
-3037
-5556
-499
371
-4892
-2687
1391
-610
-1073
3693
-297
1852
-1259
-108
2590
4096
-563
-4287
195
-3478
-4718
511
-1272
-1661
-838
-1357
-6677
162
-875
1084
-4736
-6442
-1434
-2699
1449
344
-818
-2299
-2314
2058
1820
2576
-197
-2040
1890
147
-3478
-202
-2285
-1242
1090
-2243
178
-2981
542
-1289
1104
1306
-2578
44
1127
2615
3320
1548
2179
-119
4445
406
119
-805
3240
1166
749
1558
2555
-225
-1597
-2232
-3298
-4090
139
298
-1547
2436
1304
-1100
-130
-736
-2596
2610
-3723
2547
950
3798
-1432
1265
2042
509
4467
-3939
3518
-67
6186
-2007
5766
542
-1074
3911
2466
-1898
-1136
-5269
4753
2644
1573
5075
-3674
6448
1699
3905
1590
663
-4227
-2395
-3006
-180
3889
609
3150
-2209
327
-5706
2971
184
-2594
998
3491
-979
2823
3063
6107
-5471
5940
1497
386
1390
-1737
3087
-1581
-2706
-556
7503
664
-5266
3331
1787
4633
202
1059
4997
-2489
1392
2351
-375
206
-2367
-1713
-2457
1698
441
4726
820
-3344
-2200
885
-344
-2691
2525
974
-1024
307
-494
-2516
2255
-333
-979
564
1157
3239
857
-1435
-4952
2062
-451
3482
719
-5752
3007
-7150
2771
2254
615
-506
-3633
2157
1705
-3385
1670
2198
-2167
-1402
-1783
-7971
-95
-3032
1336
1243
-3915
-195
-3365
334
1005
1006
5982
845
489
1529
-4995
-773
457
818
217
-4240
2403
493
3613
672
2296
3277
5489
-1575
5908
-587
5529
97
-5081
-3584
4394
-1284
388
-1902
2720
-2572
1264
1020
-1165
3067
-3580
-6168
3310
-1571
4392
6799
940
293
-4978
-1797
-1351
367
-1847
2104
-4423
11138
2245
1957
-51
269
2728
3510
-6123
-3798
-3113
6953
4117
-572
739
-2188
3740
2043
-821
-5573
-6315
-4180
1602
3239
1258
343
-1167
1369
-549
956
-2649
-850
-5965
1009
305
202
70
507
1031
2454
1168
-1966
1758
-2647
1878
-1569
3137
-1671
2316
-3651
-89
1883
-581
-3408
1340
-2042
2342
-3084
3986
3492
-5470
-1623
3038
-1577
2423
-6538
-263
-2653
-1898
228
-226
864
-655
4652
4476
-4140
3399
-3776
-2090
537
-1503
3897
-825
-1337
-2037
-4384
6735
-5212
3629
-1467
450
-2257
2944
2088
-6154
-1887
-307
-1528
297
3521
927
6311
-761
-4476
-1559
1937
1499
-3003
-1815
6087
-3400
-577
1735
2046
627
-188
-3654
2782
2157
-4118
621
1104
-681
-3621
-4212
-1949
-1765
-2479
4134
5003
-511
325
6515
-831
-509
2487
1534
-3985
-5225
-4449
-1757
3519
1283
-298
-919
-715
879
3211
-585
-5266
63
-2389
-4122
136
1708
3443
-3148
1863
4627
1824
-768
2548
3040
139
419
3275
6678
4437
2321
-744
2784
696
1629
-1117
-956
-1114
2877
-1874
5202
-2070
-1657
-19
1136
-5022
-2819
38
-5539
-2669
1026
392
-1242
629
1975
-1701
-3994
924
729
1201
-2568
-4941
543
-2416
6766
442
5877
-743
2706
3100
-5405
5451
833
8366
-5518
-2286
2175
-11519
407
-2588
1641
1149
-6136
-1765
959
276
2391
3896
-2748
-866
-1863
-5978
-2299
-1710
4765
-4293
-16
1806
-3888
-4829
-3761
2318
-3883
-157
-2153
326
77
976
-1232
-3890
-4474
-3531
-2113
-1856
-3434
95
1838
1726
-3780
-3609
724
6626
-3171
1894
-1424
2729
1858
-3904
-159
927
-5110
-3261
-3917
-753
-2174
5067
-337
-8551
24
-2070
-227
4669
5426
-1169
5258
-2333
-2427
770
72
3806
-1306
-2517
3345
2651
-1852
-3474
3468
2618
-3184
2306
5550
-3685
-1617
34
616
-2046
2971
5582
-259
3611
46
-5766
-4139
2871
-3676
5313
-1055
-875
-638
-934
4563
-4030
171
5020
-2418
1250
846
-3282
-2259
-3277
2248
-4933
-3598
-442
1069
2506
2696
3737
1044
206
2167
1268
-3564
7911
-2726
-832
-4316
2399
-2316
879
-3654
1665
218
-827
281
-1375
594
1742
-3686
-60
677
-3344
302
4360
-1526
-1643
-3349
-1834
-4041
4052
-2146
1859
3820
-4932
379
-3970
-264
-4233
4169
-2674
2001
3388
139
3350
3820
2232
545
-3403
-7575
-2574
-2408
4785
-4071
-2250
-4307
-867
3967
-1719
2267
7630
-5008
123
-933
-763
-4942
519
17
3235
-159
-6578
2971
3803
-167
560
-4041
-2649
-1165
3295
-661
-617
1932
-305
-3589
8059
2092
-2089
241
-2974
-2458
3389
542
782
1492
-5582
210
543
-1828
-1260
1708
1316
2174
312
1395
-3700
-3590
4397
1628
-6676
-4198
2609
567
-3578
2631
6549
-3153
-831
4348
-7627
766
-4569
1158
116
-531
-662
6859
-1863
6815
-1698
-1840
4383
7040
-5090
-258
-3060
-5419
-5690
3388
-3055
-510
120
3982
893
1438
-4422
4227
8778
-56
-187
407
1118
-3642
5067
-7642
-5564
1766
2699
-3783
5292
502
-1032
-1481
-212
301
-441
-828
-1023
3469
3818
-2129
5655
3807
2290
1750
-405
-3947
-721
-364
4742
-4389
2458
2288
1493
-1973
-23
2782
-953
-5502
-185
2385
-537
-1214
-5086
-2526
-2105
-1369
4562
-1341
1514
-3214
2816
-5000
-2536
-975
2599
-6093
-3858
1626
2093
-1574
-382
-1831
-3633
1936
2147
784
3101
944
-3682
-410
581
284
3291
7077
4387
923
5351
1803
2908
-2039
1110
1876
7146
-1934
-1783
2731
-4544
-1451
752
-3398
5480
4471
-836
3216
-4684
-623
1431
-4830
2022
-4927
-3541
868
3981
-3987
2059
-380
4040
767
3505
4308
-10284
5851
-3146
-1505
3501
-678
-4238
1283
411
-1651
1517
2233
-137
6216
-507
1367
-4146
411
2058
-4040
-1862
-4572
1192
2288
-1513
626
3262
-5690
1352
576
5539
1322
-2092
762
939
2957
236
1060
4111
-1951
10
1162
-3127
-6110
-4141
1815
-3974
1608
4693
-11
3397
1178
-3491
-1114
4099
-2465
-2145
-3067
4080
-4956
1837
-5441
3065
-385
6995
3455
6630
4171
-1196
966
3249
-2676
1325
5
5455
-7182
961
-1195
-3252
-3526
-4558
-375
-2747
-630
2385
67
-1946
-1202
-750
686
-1857
1321
-1153
2841
4458
-1730
-6935
227
-1073
3
3806
-974
5131
-3659
1135
5236
2132
-164
1375
730
-5412
1283
-132
1101
1116
1903
-3327
2616
751
1856
-302
-2633
-3826
-277
-2261
-147
635
999
3836
-434
-4704
-478
1602
656
-7061
4079
-1139
-4522
-1985
599
4192
908
-1312
-991
-31
2637
435
735
2516
-2877
-7697
3246
-6893
-1260
-862
2302
-625
-578
-3949
-1192
-83
1339
3244
-1429
-1681
1598
-2463
-5871
3636
2241
-2935
-5621
455
2627
2347
3195
4718
4577
-592
-6182
4159
1412
1283
7856
5356
-3420
-5229
-2262
-313
8861
-677
-7165
-2111
6032
4441
4101
1504
-41
2527
-1954
2743
3847
3613
-3488
-2433
-1182
-1120
344
2040
-95
1386
834
196
-3200
33
2734
7127
4961
-3529
1201
976
-3261
735
1768
-925
4106
1821
3169
-4791
-3200
1493
1081
3772
-807
739
1368
186
-771
-2428
1036
1403
4633
-2292
4226
-4124
-1123
4102
2784
-3603
-706
-1796
2844
-241
3433
-191
852
-2450
-1614
-503
-3048
-665
-3713
831
1356
1028
-4957
613
598
-8463
-3412
-1168
118
5654
3234
-909
-7488
-282
-1447
-1083
2570
-1230
-1834
3223
-3953
-366
-5330
-4889
-642
-6056
4907
-1362
693
-2198
40
1818
-726
-5000
-2202
-5644
-748
3819
2928
3165
-1499
-3511
2761
1227
-2687
458
-276
-2842
842
-269
7162
1252
-952
-4769
-939
-2972
2678
-4699
1983
-5478
-5440
1930
-798
538
2285
-4535
-2642
-4494
-2382
3771
3954
857
1751
2810
-3117
-1554
1414
1550
5334
-3133
1958
-507
-3876
-5236
-3562
-3083
3735
-2359
-653
985
1389
2104
971
-2394
-3874
3403
1494
-3460
-3273
-2223
-1670
-2062
-1051
-1831
3543
2688
-4783
-72
-3802
1043
4048
2747
-94
-4340
-948
-269
-786
6055
-3668
-2024
2350
3747
4745
4536
-1810
-4576
-3880
755
2485
-1108
-2810
-3223
-2503
4919
162
6366
4807
-1265
-852
3351
-822
3982
-791
766
-200
233
301
1375
2436
-2984
-1571
2096
-205
1376
-704
3302
-2015
108
828
315
2796
-3559
-3193
3180
-2680
-2301
3783
-1007
5164
3838
2160
2069
-3249
3710
-4258
843
-97
2139
-1967
3756
920
-1507
-484
-620
-1842
-61
-1814
-2817
-1609
1084
-3334
1583
-6455
-1960
-3105
-1393
-2788
2756
-2013
-6295
-107
4429
3632
-819
3835
4083
-1856
-540
-2645
-165
-2579
900
1216
-1091
1352
-1193
1133
-2239
-3277
-775
4556
-3297
-1243
-3006
2365
-289
5042
63
4055
-418
-1567
-563
-5746
3862
1115
797
-1453
2392
2764
1737
-2355
-1284
-3567
-370
-1231
2171
-3574
-419
-1534
4596
-2666
-1504
-3950
-1420
3743
-4137
2108
-3256
-4218
1676
1789
2921
-2083
826
661
-1211
1752
-1211
2516
1804
-959
-3895
2756
3593
-4617
-2337
-959
6636
-1810
-4573
-353
-4187
4862
-2857
-2406
-1227
-6033
1814
-3327
-3188
-3503
1762
404
-2134
2224
1275
-3172
-948
2146
7855
2237
-5588
-1896
-3027
3287
-90
2637
-600
3962
-2051
3714
-830
3217
-539
-2693
1305
-5413
919
3695
1630
-2595
-3152
-1731
-756
-94
-6092
-4635
-1109
-218
-5972
6835
-4846
-6416
-4780
2218
-932
1950
-3264
-1201
2797
-4002
-456
5396
7868
2064
-3204
-804
-137
-1725
2666
-118
4806
-1136
1184
-498
3157
-841
-1979
-1118
1112
-6248
-6196
-1273
-4625
-2989
397
-6764
1278
-1425
-3946
2462
2961
-5326
-1132
-290
-1757
-3321
-1649
2814
-3335
1464
2549
-2182
-1688
2730
-14
1278
202
-2381
-296
365
2256
3954
-3084
-2728
-2074
-2837
-4941
1862
3805
-4097
-1582
397
-910
934
-3512
-1687
-3121
-2165
3041
2813
4145
3622
1569
-9547
3097
1893
-2666
-1826
3335
-332
-5666
2883
6157
2909
-1512
-3440
-137
-958
-1321
2255
6249
-72
-3604
-398
-2152
-1807
485
-6388
2335
1695
2527
-3105
2841
2572
3352
3004
-331
4370
-297
-42
-3586
1703
-408
3721
1077
1690
-1423
-3935
-1288
2342
259
-4158
-756
-1189
1162
-2689
3603
2959
-1938
-1286
-256
-1087
-2100
3715
3651
4212
1897
795
1854
-2088
2301
2253
4285
2148
1616
-3701
1445
1460
2252
1506
3005
-2513
-3280
-4079
-1193
1515
2637
-4816
1459
2263
825
-325
3940
2277
1421
-2138
3600
-3729
-4262
-2375
7400
-611
4043
2079
2607
2568
-2906
1535
2860
197
-2340
-478
-4106
-458
2960
504
-2127
-538
-1002
-1518
664
1158
1244
-8484
6186
-641
4751
2907
-8082
235
5516
4116
2117
-3098
-426
-1583
-3218
-960
-1811
-3696
2593
4914
-3251
-4052
-4817
-82
-2968
3406
-163
2530
1178
1473
595
2871
2962
347
-4903
-951
2455
655
2196
1796
-1027
-79
654
-1528
313
-2736
2977
427
-2650
262
2720
5010
-5958
1461
-2845
2907
5453
-2302
-5417
-2173
-2344
412
-2556
3727
4178
-8138
-1856
4210
1518
-2328
-4057
-2383
-7362
496
985
-5140
478
-2620
1263
-3488
-2422
996
2602
-1243
-3293
2615
2347
2207
961
-592
6413
570
-2869
3500
2695
1252
-2060
-273
-5410
823
2500
-5016
1421
-557
5180
-1317
-712
-1260
-3103
2576
6856
-1404
-4513
-3864
866
1334
-2143
-1953
3028
3052
2580
-112
429
-2942
1574
733
-643
-1134
865
3286
-2916
-2722
7089
-4059
3143
-79
-1147
-2314
818
2998
-1830
-1221
-1230
-4794
-1905
-2713
-614
-1311
987
1113
-3796
1940
3433
6301
-3810
2454
-2328
2166
-835
-973
1469
-970
4599
788
2718
-1364
-4320
570
4545
-1132
-2006
-2600
1023
-656
680
-2808
557
5237
-6230
3280
-2642
1755
1529
-271
1544
1189
2537
-5326
-20
3781
-305
2090
-2246
-2141
-304
3753
4283
3001
175
1299
243
-1756
-1139
-2971
-855
-5436
-1782
2742
5264
2137
-3125
855
1703
959
-2069
224
1624
-5308
-3605
5484
1514
-5884
-3227
-2745
-5096
-447
-3590
-6342
1072
70
-3218
1885
797
-1015
1299
-113
-4934
-1410
-1376
-3521
373
-1659
-1620
2084
-1748
2472
2072
4275
-3508
-484
214
492
-1098
7951
-2546
-4196
-4469
3109
-3856
5154
508
212
4638
-1660
-4501
-1460
-1514
1525
1182
-1593
-2501
303
-5626
-4898
7379
-4005
-1659
2089
2586
2400
3403
-5660
698
-1317
803
-2856
1985
974
-1883
54
278
-2978
-566
-392
-16
-1254
-1285
-2090
2607
4307
-1701
1322
4582
1102
-1050
-365
1108
3888
5373
4012
1534
675
-4177
2033
-3062
3147
1871
216
-792
2060
1427
2666
-5936
-3956
2867
2089
1940
-2355
2596
5335
-2789
1426
3739
1455
-3012
6168
-1199
2838
919
272
-5352
-1927
2526
-484
2357
-1056
1868
-932
-3770
4192
-1017
1505
5674
-1124
-3109
2255
2464
1246
-5214
-4734
1219
798
1292
894
2577
-8497
828
1351
-2584
4501
5466
1094
3939
-953
3535
-4623
-4230
2033
1472
3522
-4086
-4348
1712
-1488
5105
166
311
2058
1853
5026
-638
-3494
-2307
5477
-4125
-376
2189
2386
-3742
-7554
1747
5149
-235
6677
2254
-3571
-417
-661
5402
454
2329
3842
-1150
5456
2024
2088
-677
-243
-856
1639
-2333
-1790
3139
5250
-1454
193
2303
-2025
905
4906
-4928
-363
-30
5641
-1806
-3837
-2608
-3489
377
3025
-2205
5399
1641
-7480
2441
3157
3834
1254
4885
1978
798
1403
89
-1757
-2293
-5263
-3753
-6413
-768
1243
-1455
-579
2221
31
-831
-5769
-1155
653
-582
-2191
-1060
-1720
-807
1568
-1281
-1054
-3191
3419
-4805
-2509
-4115
-4555
-2688
3577
1869
-2910
-1030
-2817
2582
5749
1649
2159
-1999
-6433
6274
4095
2366
331
-1732
-1658
-4478
-1973
3110
-4042
-3015
-5145
6259
1637
3458
-5784
-436
961
-116
3141
-4278
-513
6403
-2618
-1752
3055
765
1693
-3169
-2640
614
-2924
-826
3846
-2461
6563
1065
-2734
1032
6226
2501
-545
977
4807
-3390
-2697
-4426
3005
-1868
755
219
783
-373
1827
71
3747
5
-6795
-1444
1977
-3447
-36
-2393
6741
4699
-1946
-140
-587
-195
3578
166
-1147
3390
-3877
5732
-548
1420
-2593
-3021
1929
1628
-686
-2347
-740
3817
3913
-1998
2885
-3455
-3210
-1420
86
1083
-329
433
-869
-2530
-786
1710
-3074
-8448
-337
1130
4360
-1758
6172
-3199
-190
2414
1597
338
4333
-364
771
-1077
-679
251
-2323
-1060
3914
3426
4796
-4853
-4848
-3119
-4409
-1298
6834
-5713
3179
2899
-5673
176
-3851
1299
-1030
-493
-3761
2473
-2531
-386
-875
916
476
-1929
-2987
-3213
4039
-1107
2126
-623
-3652
-1950
2808
-1094
745
787
-313
5623
765
-2499
3250
-3189
-601
-963
481
2446
-1042
-958
-2141
5230
2223
94
-3796
422
-124
1395
-2363
1423
797
-3992
1565
1978
2922
1956
-930
2106
308
4400
-4743
453
-2316
1888
-5002
-3454
-4002
-5289
-5303
-386
4957
-801
-727
15
-2603
180
2114
927
-552
1263
1451
-1181
-2457
4135
-1682
2362
-929
2227
-3004
2546
291
-1411
-3926
-2247
3527
2146
2040
-1809
2132
-2163
-2129
-3615
-450
-3569
-1053
-1775
-4425
475
202
782
2672
-2456
-1412
-476
1106
3351
-2638
2746
-764
1647
2101
1041
-389
-1320
-35
-349
2506
4298
-1641
-1867
1353
148
-7689
-2233
4130
-4919
869
3147
-1012
1345
-749
-126
1780
1634
-1340
535
-699
5150
5298
2185
1346
-2333
341
-1661
610
-1976
-500
2605
5415
-349
-1801
-1545
1792
2351
-7477
6654
-1691
2856
-3106
2546
1100
7473
1888
996
-2373
1052
-782
-4673
-2161
823
2625
-554
-4572
3919
624
-1210
-2564
4164
4914
-4165
-3614
2884
1169
224
89
-184
2981
1430
-2436
1103
777
-274
537
1588
-498
3485
-1051
-6580
-362
-154
-2041
-3945
-2250
-3680
2252
-771
-6159
-830
-4011
1796
-2803
5155
720
-318
3115
140
4130
-6227
-8042
1342
-697
6417
2056
-1986
856
-7386
-1456
-3450
-161
-5322
-1268
3707
3204
-1464
5121
-4733
-2183
2765
566
1794
3170
-1708
-780
-5986
-4207
6833
-392
-4537
-990
2366
4174
1246
-3825
3097
-1085
-1628
-1169
609
-2104
-3047
406
-269
2960
2034
3345
2081
1473
3184
-412
1607
785
-1469
1412
-1788
-2587
215
780
2170
-1210
-1014
-4716
1520
5899
-2398
4742
-2203
-2554
1009
2180
3587
-1577
349
-1429
3601
1187
-722
-3426
2898
-118
1779
-3405
-3782
-2495
1934
-71
-2361
3425
2161
-3638
-1921
1532
-1250
4890
-4574
2943
-2588
-3299
273
703
-297
-8204
394
266
2750
626
-2958
-4520
3209
987
-263
2323
-1182
4543
-808
3223
-41
3934
-884
-1073
-5337
-3122
123
-1536
-4504
-1111
-118
-4069
2878
5236
17
2826
5292
3338
2403
-2514
-1710
644
-1342
3679
-1169
-4490
1630
4419
-3214
-4049
1758
-4248
348
-1706
6240
3423
-1716
-171
-1504
1295
592
-4606
-3767
-2193
306
2961
-31
7011
-4621
124
1368
388
-2606
4213
-269
2250
-2921
-8083
-2109
2225
2060
608
-4843
-857
2397
-4487
-2801
-2281
-4633
-2552
-2872
-2463
856
-6062
2584
259
3138
868
-2873
-2062
-1677
2206
5348
564
4285
1424
-486
-2011
3140
4591
-3807
1191
-6138
6403
4345
6758
-4148
-5816
-5193
-635
1168
-1878
3813
-1962
82
1319
1106
4030
3904
4180
4035
1307
-2206
435
-79
-6454
-3685
175
-182
-2240
299
-5437
4741
656
1439
3847
-3527
1037
650
-607
3741
1849
6789
-1893
-5971
3514
-3450
-482
-6530
245
-2753
1743
-2527
-2465
-1832
837
4946
-4351
-1621
3367
187
-1324
-1773
1834
-4890
-3931
1864
-3099
4373
-564
3157
-89
8247
6035
-978
3592
3520
3688
1088
-1384
-3537
-67
2692
-6628
376
-88
-698
-128
-1641
1686
674
1655
-1215
-1289
-2709
3885
-279
2950
1529
-2048
1283
3622
-3382
-2348
1605
-2014
-2779
928
4205
1419
2901
-4746
323
2173
1532
-5125
53
-4859
-4682
-3945
-1505
6783
-4418
2759
1286
3453
2303
3109
-3165
1249
997
1612
-3314
5631
2306
-754
-3211
5095
-2008
4040
-816
753
-1055
4833
2296
2895
2092
1631
1122
-2155
-6147
-4210
627
-2701
10
3559
-2681
-2256
355
5529
-5260
-1471
981
818
3078
-3865
2205
2003
838
-628
2538
-6531
-2011
-2307
-1223
-4530
-238
-121
3073
-1988
-1243
2758
-2276
5113
-6971
1016
-2579
-23
-8129
140
-2350
-2947
991
-6385
-999
-875
4555
-1192
1664
3482
2067
-2850
-5503
-2597
-1577
-2432
1661
906
-3241
-1444
-3924
-922
-3934
455
573
3506
3207
5525
378
304
-656
2875
-5258
2883
-2894
2753
-1009
2464
-7200
-91
-5766
685
560
4923
2165
-773
273
2144
-1113
-1307
3798
-4430
1188
-2740
-1586
3042
6176
-6867
1351
1828
2282
-1226
1106
522
1871
3724
-1073
-3275
-2145
2417
-4262
3834
-4074
2760
-4869
3467
-3326
-1323
761
-1041
5622
-88
-2615
-3180
3180
-2301
5418
2629
-1536
-3759
2727
-548
1061
2517
1200
-3759
-258
4665
388
4368
4325
-7879
2117
141
2048
-4509
-2050
-588
-2598
-3094
742
-411
-5613
-1607
-3234
-5536
-2450
4196
1368
3113
8194
-1166
-3323
-1771
5664
-962
515
964
-219
-3028
2976
2424
2333
877
-1299
-3690
2218
-7220
1108
-4015
2491
555
-1746
758
-940
-285
-182
1192
1682
2015
1683
79
-1641
1290
-1910
3025
-2488
1589
-1049
836
2719
1691
-604
-5742
4777
819
205
3130
-4610
-727
-886
2712
-2850
2822
493
3597
-982
-940
-1676
6210
665
1301
-1445
2721
-1526
1415
-6013
611
-3664
601
888
2012
-349
-2345
-684
-2335
1814
593
138
-2746
1435
2222
-3138
2890
3420
3036
-587
2581
-1651
3954
-2613
-4392
4390
3678
6851
-6212
-535
-1707
2031
776
1753
-4256
-877
4858
2402
-3169
-3663
3117
530
879
-3890
1915
2994
-6502
-2597
1890
-930
79
819
-2731
1934
-4188
-1402
4014
-1793
-2316
-1962
936
-3931
-460
800
-2035
-3194
8128
176
4748
-3171
-5195
-3248
-2954
-501
2561
1701
2560
-60
1194
-6030
1339
847
-1194
-4425
-1473
-897
5934
1351
-2411
2103
1716
-1866
3835
-6155
-2875
59
1353
-401
-5048
781
-88
1439
-699
-1502
1168
1488
-3105
2737
4144
-1486
-2120
-4463
-1801
3230
76
-1689
427
-3370
1494
721
-1370
267
2823
6629
6038
5963
-2862
-2698
-1496
-1377
1615
-1004
-1997
694
-1882
-356
269
2486
2892
1881
-1989
-1303
2956
-4722
-2822
-3843
3317
-892
-1625
-530
-1011
6000
-3878
854
-6519
-1136
-1791
-3643
-1964
3269
4654
852
-891
4445
1507
-361
-1025
-3076
-1965
-374
1845
1150
6587
1310
1081
-6673
5751
-530
-612
-238
4412
-2952
-3381
6882
2717
-615
800
3271
-1160
-169
4713
-1558
2964
-4627
-1511
-3050
-3761
-2177
3637
-784
2065
-600
559
-711
4564
-147
-1762
-538
1238
-5440
323
3202
-3292
-2983
-6275
5788
5432
411
-1621
7404
-2318
-2540
3305
3950
-3283
3654
2812
-2539
3323
4100
119
-2841
-2622
-883
-2829
609
-5777
730
4184
308
1067
995
-4563
-91
-3594
-6222
470
5621
-428
1179
-4031
7576
2221
-5850
1191
1079
-3192
-5475
5637
-156
-1388
512
-3415
3651
5242
-753
-4406
-1828
-2396
-520
689
157
564
706
3062
8841
-837
-7226
-1431
1293
3458
-517
-2054
-1868
1070
-5378
132
1558
-3516
2172
-2663
-214
1386
5392
-2220
4859
-1415
-2272
-1644
-636
3797
984
1669
664
-3408
3979
-88
-863
-2045
4797
-4622
-114
3899
765
374
-592
1288
2291
2128
4065
934
-6470
-898
-5279
1780
-487
-1753
5955
-6111
5627
-2749
2889
-121
-84
4232
1305
69
1190
3879
-1627
-5756
458
1102
-3033
3281
3802
6317
-3549
-4854
-492
1624
4722
-2362
-2778
2475
-4579
-5113
-1339
2019
-4355
-4705
94
-4215
2474
-2710
4745
4083
1196
-151
-467
473
-263
1136
3003
3351
359
342
3570
-884
1840
3494
1360
2365
593
1993
1498
-2689
-4817
1152
1892
4388
-4306
-1986
6136
-2370
1773
2674
-4358
-2565
4455
-34
2700
-4733
-6387
-703
-5235
2540
-4973
1483
591
-3155
5548
-5787
-3097
1055
-6021
-715
463
2367
1858
-3120
1413
5416
222
4825
3800
-733
4431
614
-7598
3721
-1840
-1742
-5211
-1333
-1167
-784
2302
-3260
4874
-2102
1712
2490
-2585
-107
3343
-2800
-4520
-835
-463
-382
5704
1073
-1600
-2020
1562
-4308
5630
4817
1635
3630
705
3497
1614
137
-434
1529
-5588
566
2690
822
1125
3089
685
-3682
2036
-3224
4529
-2840
-3243
3714
-437
1827
584
-675
284
-6011
3166
2522
746
-2030
2170
954
3699
2206
-2280
632
-156
-33
-130
2867
5310
4248
1591
-2765
-2157
-2956
2907
-2073
453
618
-3237
-3818
4099
-1134
-290
-4209
-200
-3088
1935
2964
2481
3624
164
-1950
508
1743
1350
4077
-213
2543
-2626
2603
-2872
-2580
-903
-7736
-1043
1773
-2714
1408
-1692
417
-1782
-2766
522
-2890
-1263
-2070
-397
4543
3438
-901
-366
1393
-1394
-1587
3329
-1195
-2436
7357
6170
-2615
-2066
2329
-146
7490
-1140
-1485
4582
597
-2146
310
-2020
2978
-3538
-1692
1643
-132
-503
1749
-3188
387
-2314
-6145
3411
-138
4228
4392
727
3606
369
-4799
181
4265
1932
-3230
-42
1031
1407
529
-111
-379
4576
-4213
-3485
4900
1605
-595
-1043
-86
2748
-1316
1235
827
4131
1163
32
-1998
-66
-2666
708
1002
1173
-1435
2383
-5214
2192
244
-1215
8015
-2321
-342
-5069
-4297
5077
-3439
904
1113
-3861
-7193
3917
-1538
-1368
-27
212
-1044
5030
2189
3089
-1737
651
-1410
-1129
-398
-2052
-3076
-308
-2182
-3521
-3627
-4948
3706
-382
-1143
892
-1340
-627
-4428
-3624
-167
1575
-2213
487
3548
3143
-4871
2430
-2004
-4743
3274
-6253
-3626
352
158
-4516
-1179
-1535
-5391
2310
4484
2868
-1231
-3566
1527
1051
390
2179
-5594
2606
-819
4245
-4827
-6635
-1359
4106
-3215
-2184
-2225
343
-1313
-2750
1387
1826
-1652
-2382
2559
1183
4068
-94
-6196
-5025
-4556
2091
-1251
-952
-4237
570
3992
2387
-848
1049
379
6868
3394
517
1086
-4138
-6404
-2347
3959
-473
3416
-4671
-5675
-5036
-97
-1855
1349
-1302
-3094
-3142
2534
-4841
4831
2540
-754
1001
-3874
-5556
2277
373
2437
4342
1491
-2405
-3809
1302
-1253
-5518
-463
4251
-3343
1294
4350
3757
2667
4102
2941
4583
4960
-1693
1013
-2615
-7474
-2887
827
986
-1279
2946
-1051
3063
2826
-3112
-991
-1837
-377
-1345
-650
6326
-1741
-4457
209
-3272
-4347
-2569
-205
-3951
4748
-3533
-2321
-4599
-945
-1458
1964
-844
3199
-620
1372
2883
-3503
-1432
6585
714
-1475
1097
4478
4870
312
358
4305
-653
1750
-3396
598
1344
-116
-4371
-3698
1167
881
6811
-826
-1849
-1566
131
-1924
1135
-49
-950
-2952
-3264
177
1249
-8323
5015
95
-32
-1402
-6311
1289
-1954
1940
-2310
991
-2154
1206
2853
902
-1260
-5060
5100
-1136
-225
-404
2875
1486
172
-2784
-1895
4620
2587
-1159
-894
-280
1734
-1999
-886
1810
665
-1109
2222
1057
-211
-597
-1655
-4375
3806
1498
4225
-505
2480
-2394
-3713
601
4221
-2135
-1990
3629
-2433
-4674
378
-2783
3155
683
-4497
1157
3714
-1899
2772
3316
-4970
-3069
2804
-2540
205
5594
-2543
1557
4616
-694
8168
1341
-2507
-6595
-732
1115
3080
-2877
925
4239
-3696
-30
-4096
7324
2635
2546
-2293
6111
4179
-3998
-737
6470
-1175
-2105
3524
1295
-4653
-1079
3013
705
-2215
-1024
-3177
1341
-920
-2233
2637
-4497
1524
4786
3710
3296
-1417
-480
7516
-1040
614
408
-5078
-1031
689
1705
428
-2157
3401
777
-2611
1058
2765
-2392
5254
-1877
806
-4443
2001
-3267
513
-822
-1409
-868
-1023
-2622
999
-1987
-7700
327
1138
4700
-2429
4331
1904
-714
1163
-845
-644
446
502
-2598
1488
-2287
-1364
-4072
-1625
-358
1635
7600
1307
-203
-178
4196
-2830
5725
-365
4827
-2140
-2153
5394
1761
-660
1223
-559
-1440
854
-1080
-2449
2801
3953
-2229
81
-556
-4474
5186
-5276
-2673
3022
11
-4619
-1631
-859
-3677
-2205
4256
1953
-3629
4863
-2351
1462
-3111
653
-1150
-372
-2247
-1278
-2494
-1567
1505
1564
1721
-1142
-6008
-188
-816
-2931
1498
-909
166
-5726
207
30
1613
918
-1711
-2680
1929
1667
3599
-4539
5216
-1552
756
-3591
1995
2584
-1924
-2304
3965
2104
-1859
4683
-3565
2500
-2037
-1485
-644
3867
-1897
804
2661
309
576
951
1219
-2109
-813
2230
3688
2877
-4189
-2478
112
-3169
-307
-302
-2531
1187
-608
199
3199
-2551
2332
1270
-8197
1753
-1303
2756
-9086
5305
2749
-1497
1469
-1354
859
4432
-743
-2912
334
449
1771
-1631
-8
-1890
372
3519
820
-3508
2461
-157
1431
3705
-4205
4815
637
345
-2117
-4181
307
1767
-576
-1235
2522
-3181
3350
-1481
-2023
1883
2766
-201
-2292
684
1962
1491
-2802
-631
-414
-950
3863
1215
-2497
1010
1200
-3150
598
-915
1156
-1147
-3130
-2643
1494
3522
-583
2848
-4183
484
-5790
-4306
4520
-4031
299
1588
1144
2047
-27
-565
444
-5760
2811
-2937
947
-176
1046
2767
2414
4258
6321
-2270
2995
-3455
-793
1452
417
3823
-1081
1904
-2415
3208
-1676
-3416
4772
-3288
-1313
1678
-2194
-3240
-3163
2369
-2628
-224
-4387
2702
2983
986
481
-599
-1794
123
304
-1800
-3094
-805
4318
1198
-620
-2104
-796
-943
2717
3095
5822
-513
-6001
2471
-3496
3267
-1841
-2071
5790
-1146
-793
-1828
-1603
3930
2852
-1395
2426
7342
4493
1653
767
-6997
-2576
7572
1922
24
3217
-957
1944
1147
316
-2473
933
1946
-6055
3730
-1668
4896
4008
-4176
268
1298
-2683
-2409
1034
1971
3039
-344
-3219
1262
-6351
-582
282
-191
-3197
736
936
-4975
1253
1466
2832
2909
-701
-4293
-3492
-5208
-4318
-2056
609
-912
-626
1274
-478
927
-4114
1048
2053
6860
5210
3829
-57
5580
-2264
1014
-3672
968
-1653
-3648
7032
-1588
-111
4815
-3465
-567
8741
-999
1663
29
3883
2866
3550
-196
-1203
5096
2005
-2070
3491
115
4726
242
1863
-3831
-3144
-3336
-1472
1140
-1288
-1927
2935
-3127
-1849
-2294
-3895
5057
-1534
-1818
1825
-3200
273
-2656
1844
-2409
1176
-999
-3752
-968
1748
-619
1007
-1229
-1774
-668
2465
1895
9581
663
1051
-3284
1775
-414
-1917
3802
-787
-645
3787
260
2008
209
3591
838
1217
1925
2563
782
172
2846
2928
-3983
1050
-3
4041
775
-2747
1806
-1174
-459
-2066
-200
-2938
-4015
2073
-370
-2514
3502
-823
1782
3507
-4260
375
-2688
2588
-114
2970
-5228
4301
4194
4998
2645
614
-1660
1953
-3020
2017
289
-1677
-1726
-3164
-450
-478
3627
-3234
6573
-1281
468
3583
2948
-2794
-2082
2570
-3756
5670
-1120
1169
-1271
-3909
-1327
1110
-2011
-1532
-397
-2576
837
1642
-2544
4816
1902
1167
1351
-1808
3478
-3893
65
-1406
-828
2346
597
2653
-2395
-828
-1826
-1899
-1854
4078
-4808
-1459
-1182
-1527
6721
5428
-4835
-1509
1601
-2081
-2448
-358
-496
1432
2104
-213
-2470
-1002
-3525
-354
1837
-57
2702
863
-2394
1358
-3216
4048
-1681
-4018
-3552
3979
2496
-5324
-5045
-2774
7238
2456
-2439
-678
-2176
-2800
-134
4748
-2780
-331
308
-2737
322
5616
-978
2449
-778
-631
-2171
-2323
-783
-3732
481
-379
-2295
1315
-666
-2360
5417
1075
416
517
-1089
-282
1508
-2657
-4685
-165
6506
1261
-1471
-230
5797
1262
1080
837
-1367
5330
208
619
-6196
1524
64
-975
2635
-201
2934
2145
-2316
2187
2906
-2120
-877
-1592
-2576
-3248
-1774
6920
2420
-246
646
-1831
1910
5264
4515
-2001
-4609
-1796
2436
326
-936
632
3053
-567
714
5389
787
-3477
-3333
-1037
5565
1274
-3681
4255
-855
1914
692
4333
-683
-1426
2951
-2092
-768
-703
1145
-1191
5143
154
2767
-2276
1272
-4281
-1011
-3470
2490
-1283
-1216
-4399
1766
-394
1035
-1836
-2201
2490
219
615
-3162
-2334
-5752
2959
-5546
-753
-227
-4079
4863
1289
1561
984
-3621
-475
-2262
-253
-916
-2069
1130
-851
3257
-8817
-2534
-3708
3523
-4656
-936
-1510
-4977
4911
-4576
3139
-2553
-2372
1568
3312
-1627
966
520
-1317
-961
1422
-2258
1529
454
1450
-2801
-787
-5155
254
1645
3098
-366
336
5934
-1306
2851
-3885
710
7206
2070
-311
594
-1329
3893
-1246
-6130
-3844
3553
1627
-124
4114
-3494
-1615
-2244
-1356
1074
2617
297
-2124
1805
6551
55
-3891
-3576
-371
5744
-3548
-42
-3608
1277
2415
-5436
-1087
-311
-274
-4628
1228
-2602
-1176
-2516
-594
-3341
3039
-354
1975
-307
834
2153
443
-2771
-2831
-2679
2690
-2511
-3436
382
2304
760
2982
-842
2044
2039
3054
-2198
3923
790
1494
-113
3669
-1038
-1001
-361
4301
676
1963
7426
-115
-3484
1445
8299
-4507
-1154
617
-64
-34
-1609
1225
368
-4605
-4827
-1305
982
151
5235
68
-2952
-297
3465
-780
-540
-227
-5717
-3840
1058
-211
-6098
4019
-347
2935
3369
-4137
1936
-4111
5488
-49
6737
-611
-6352
-4862
518
-4532
4032
-3450
78
356
-1096
-2235
-654
-619
-630
4975
-3426
3179
-2827
3037
-2452
1686
-1476
4533
-2674
-302
1132
5049
-1842
-4354
2473
-3904
1198
-4761
-1301
10
2461
-1632
1831
-2246
3331
444
6535
-3117
803
3973
-3928
-1442
2382
-1687
2431
2537
1846
-1115
455
3141
-5823
3291
2563
788
-5074
188
-237
-679
3189
-206
-1221
2770
5670
-4289
-458
1869
-3613
-59
-3491
-7273
-3867
3494
-1819
-233
4597
-125
3431
2202
-1443
1325
-8106
-1310
-5605
1425
5032
395
-7104
4516
-306
-3542
765
-3100
1259
-3030
-2180
-1989
494
-1900
-5270
-8
-1515
-2179
1111
880
4558
-4405
3726
-2838
-245
1877
3163
6038
-2221
-959
-546
-4788
2871
1323
-3552
1091
1298
-2781
1732
1838
1174
155
3411
-3296
1463
1517
-5541
-2357
-945
-1941
5033
-1398
455
784
-1749
-1981
-1803
1683
-5260
1324
-2999
-2339
5300
1665
825
2668
-1251
-4233
1185
-3741
-2915
2287
-828
3778
2264
-1760
898
-232
-1782
3796
2769
3007
-3191
-2490
4280
877
-1094
3804
-2220
4386
1029
-247
-1934
-1160
-770
269
6704
-4604
3776
-1964
2278
4237
-1162
-5841
81
-34
-729
4021
4017
925
-115
6004
-1565
1781
-2457
-5305
1497
-52
-7
3675
-2534
-5090
2420
-1656
-79
-3427
4195
-1203
-2875
3421
-2567
-1899
2484
-5042
-876
757
3762
2535
-1373
2095
-3112
-708
-1114
42
-1125
2007
-427
-275
-2521
2493
1706
-5532
352
2924
5392
5589
-3429
-1282
255
392
2268
3006
-764
-3124
-348
-1051
2375
-3319
594
3095
-1329
-2942
-3869
-545
-1337
1459
-2666
-815
2408
-3944
-2751
-331
-912
-2523
7009
-292
-1017
-677
2525
1418
-4899
943
-3959
-513
2719
-3074
2588
-1844
2004
-2089
-6215
-1277
1814
-977
-2374
1670
2073
67
535
915
-3662
2070
-1371
780
-5384
-568
2822
-4575
1304
-324
2164
-748
-2328
-1191
1792
-354
2213
376
3132
-2694
959
2283
-2138
114
783
3125
-353
-7378
-697
676
-2886
1956
-118
-1033
2605
-26
655
-1289
6148
-2376
-134
982
239
-1426
2892
2206
-2533
-3221
-971
-3095
1545
-2287
-63
-861
-55
3771
2821
3791
-5961
6246
-2061
4427
-2342
-3205
1365
-2439
1441
8496
1852
-265
-7445
-1517
-2600
2481
-199
1008
-1821
-3651
4530
-317
3906
-1579
-4944
7303
-6357
-3697
1283
-4613
-2769
4192
-1809
871
1441
-3445
1611
-265
-1979
656
3384
1340
347
2903
-3239
6278
-2335
-745
-1777
549
1966
5011
-5438
-45
-2008
2743
2225
-3249
-517
-797
-2292
1562
4933
-2146
-2778
10151
-1332
-1279
2436
-645
4684
-4159
-2492
2179
-319
-346
-3231
331
-1550
-2159
2960
2128
490
7148
-390
5414
-6807
-3790
-414
2905
1652
2137
6124
-4444
4112
2545
-1685
-4888
-4801
-6740
1901
-127
2183
1771
4513
-3394
-5218
1620
3419
1214
1966
1100
923
1338
2840
494
5286
6674
-3464
-4919
-1805
-4075
-1185
-2508
3446
-3786
3520
1153
2548
-6033
-3000
-1752
-6370
-203
-270
4584
1894
165
130
1433
1419
3738
-3882
2150
-2672
-1151
3939
-632
1032
-5623
-1409
-7985
5028
5039
-3865
-230
4045
-4072
108
-987
637
-3746
-3213
-181
2381
3262
-2488
75
2251
3169
4726
-344
114
1312
-4003
-379
-2343
2757
-630
-326
11176
-3522
-2415
-966
-367
2679
2736
1532
581
691
-2590
1582
-2850
-3895
2545
-276
881
2736
10354
82
1989
4297
1033
-3395
-4522
-3668
-2430
3284
-3186
-2643
3589
5047
1427
442
1051
-1110
-2337
2021
-4128
446
-296
317
114
1977
343
-355
212
760
1398
4172
-952
4474
5279
-1849
-361
3790
-3581
-188
1193
524
6109
-4431
-7492
230
-215
-531
768
2332
-2070
-3368
-1074
-658
-2159
1308
-4431
7665
4051
829
2738
-835
-869
-5325
8235
1161
791
-584
-465
1307
4952
1891
-66
-1040
2735
2235
1947
641
-2573
571
-2741
2048
-3462
452
-2344
570
-5366
-1527
-3794
-3060
802
1059
6192
-1695
5626
-6446
5776
-7440
215
498
-2993
6761
-1557
-6175
-4338
3208
1465
1452
2080
-1998
3898
-5623
2361
3625
645
7901
-7815
-5517
2742
-8474
5604
4650
-1155
-3438
4122
-2021
3961
-3777
-3205
5747
-3767
-530
228
2344
2644
-6342
3202
-1043
-1484
-1220
4494
1294
2763
586
-406
-7619
2165
608
3490
5780
-2198
2643
-509
-1061
806
-348
-782
1694
8234
-1593
1153
2230
4329
-6333
-3879
-9831
831
-542
3728
2249
-1975
1060
7170
-2015
4413
-2275
2416
2784
-40
-1239
-813
4545
-4336
683
-1746
-2344
1266
-3141
-1249
-1946
541
-1619
-3246
3763
-4847
989
-3881
2321
-2655
3908
-4234
-1758
3225
-3708
-8121
849
3659
10978
4730
1417
-166
1601
1457
6700
849
4329
4111
-4770
-2237
910
-3989
-975
-5444
5657
3012
-6881
-1545
-2113
1633
-1556
869
-1810
-4269
4200
-541
-2887
2056
1467
3791
-4482
-219
2931
-1967
-4205
1084
-243
-7184
5306
-3358
-2022
643
546
-4575
436
1329
-12345
5653
2358
960
2193
-2633
1338
1348
-4583
688
-97
-1715
2124
1719
-1032
-8887
-1786
2883
3121
-2836
6430
-2226
416
-625
-1918
-1675
1215
6634
-607
1095
-3960
3464
-5214
2985
3155
-1773
2148
-370
-217
1102
6498
-1041
8133
3933
-811
-360
-6036
4656
2056
1725
2619
-5305
2390
64
2196
2563
-1584
-7102
-3675
-126
-1356
3544
-2794
141
494
3208
-5294
-2067
-4187
-240
10081
-4859
-6204
843
5231
2035
1538
-3174
-1610
2290
725
1719
-3255
1971
-1819
1142
-3072
2972
2515
274
-1976
-3207
1044
-3111
4394
-284
2287
-441
-1627
3317
4598
334
-3422
7868
1610
-2650
-3772
-4030
6991
-3556
717
743
-2661
-6158
3692
-3378
1615
1521
-602
1149
-3169
2394
670
-1496
-4
6670
-5485
3032
4273
837
-800
1290
-783
3100
1547
-2169
-2477
-2719
1732
2316
989
2724
-241
-3391
3604
-3855
-1475
-1775
4128
-2182
-294
-336
2961
-2153
-2069
-1320
31
-1063
315
764
492
-449
-2144
2197
1051
-2618
1707
4924
-3867
-1991
2612
-6849
6373
-6643
3656
-4665
737
260
3718
-3096
-2967
-989
-607
-51
-3562
849
2215
617
1138
5235
-1616
-2661
2954
122
-2464
-2180
7679
1883
-2075
-3534
-806
-3645
3086
-1242
-1156
3704
-5125
499
-3839
3870
-3877
453
2595
5394
-5902
-3654
1802
-4303
-3208
-1171
-2878
3046
115
825
4886
-698
-552
-3638
-774
-2049
832
4264
940
-5067
6025
-2259
69
-1297
4478
-1958
2628
-4392
-1850
-2373
5149
4918
1357
1801
-883
-2876
-4167
-891
-4003
-8451
44
6172
-3845
2871
-1546
1511
790
-5153
-4336
2301
711
3951
3663
-2274
2113
-2589
641
-1953
-1397
4970
-1079
2069
2118
4945
2581
1098
1691
-6225
-3278
4722
2384
3474
-292
-2037
346
2343
-2034
2062
1132
-1377
-3068
3089
-6816
6238
787
-8667
902
291
5436
1070
5255
816
-3593
-8396
5562
1521
-938
3455
1870
-4774
1303
2703
-1571
-1135
2261
-1322
-2285
482
12244
174
-1669
2877
867
-1871
-4145
8616
-353
-7466
5709
-1674
-5322
-3424
954
363
1126
-4448
-1140
2048
845
4162
1372
1398
-1913
1015
-6635
-4396
642
-2906
-1339
4751
2545
2757
-2324
2831
-1517
-1236
-951
822
-329
-4638
-3248
-439
-3409
-1953
-1195
570
-3402
4168
-2708
4303
-3452
288
7604
-1681
930
-3958
64
3060
-1893
-7333
-77
586
-4291
-226
-697
2392
-849
-4660
1889
-277
3884
-848
5548
-2322
-94
5197
-2850
7115
-1871
1966
-511
-2069
8403
-7171
-3579
3321
3033
-6138
-918
-3085
3559
1945
1355
3407
-2646
-3775
-7542
5282
460
1377
-2151
146
1464
-9678
924
-1113
-3552
4181
121
1853
-982
6758
3024
-118
-1129
-591
7638
-4926
-1713
5010
1085
1063
1877
-4097
8009
-4862
-1850
2104
3429
-1276
3313
-4625
-1765
5053
5751
-2444
-561
3152
-8101
2140
8044
-2081
2111
-419
1224
-3111
-266
-10154
510
3637
194
889
-3197
2724
1706
-1873
695
4983
-1143
-1544
-431
2457
315
4076
2027
5408
381
1171
-2079
2514
-1758
-5888
-479
-2827
-5945
1607
19
-1198
-2213
-3439
6945
1027
-2351
2939
-5170
-4891
6363
-6310
676
2447
7405
1392
6459
-5740
2450
-4024
457
-80
2672
-746
-2051
1408
-4359
3487
-9895
210
-61
-2486
-4049
3837
-184
-2460
-3792
-3667
2720
-4674
-1493
-871
-3335
6342
-340
698
-631
-219
-1759
2349
-1995
-4007
7392
-658
88
2902
2531
-5177
3136
3432
5112
-2355
-356
400
-2057
3001
-136
-1806
782
831
-1824
287
133
1167
451
35
-1956
2218
-3906
749
-3257
1135
1389
1790
-1134
-678
-318
824
-161
-1706
865
-747
3020
2215
6333
1001
474
461
-1941
-2344
-2548
2277
1207
-562
6744
384
104
-1012
828
-2433
-408
-2874
96
-343
-1414
-4696
1694
-3047
-1128
-3045
3276
-408
199
-2230
-1982
3254
-1914
1034
3420
-835
334
2110
4746
-6220
413
1349
2360
37
4960
2212
1578
-3015
1142
3123
1135
-2785
-3556
1608
-509
1160
2649
-1085
2370
-1051
1888
-8652
3257
-603
-2928
-2328
-5998
-8
-4531
1501
-1793
1013
-3603
-2573
-116
3208
-1771
-1119
-5298
-1195
-2312
-1374
-892
2123
395
3937
-2057
-3909
-2324
-883
3971
-4806
-2632
-1371
-185
-1425
-3085
-1676
4014
-2794
3130
5264
-636
-3755
924
-199
3362
-201
-1720
-3844
-4147
-3134
2110
394
136
-1212
-297
581
4152
-3403
-4864
4095
-1226
5139
-1421
424
-269
2322
-2527
-2055
-2231
2297
4011
1502
-3951
2593
-719
-2344
-1374
-2317
-4746
2355
-485
3151
-1221
-2487
-3141
932
-507
-5101
-2988
-1831
1014
-3667
2686
1160
-454
2516
-4318
154
-3419
-177
-2406
622
883
-1800
-7607
751
-1422
-702
2581
2244
922
2692
5101
806
-253
-959
3260
301
-264
3970
194
2193
356
-4743
-2570
-2891
-3742
-1078
3047
3602
-8567
4878
-2565
-249
-869
4458
-1952
-2748
-562
2406
1102
-2749
-1481
4864
-2772
-2438
2363
1178
438
1916
2453
6150
1760
-224
1645
-2219
2034
-4048
7948
161
-1078
2808
-1727
-1848
1615
-3401
-3239
-5567
-3613
533
-2710
-4221
-1669
414
-2639
-4242
-76
-3855
1756
1392
-876
7578
-207
-3525
4100
-3351
-1531
3412
-424
1225
2448
1742
-3894
531
-1716
-5414
1003
-3412
-3061
1532
-3059
2654
-822
-2661
1948
-3390
2228
-740
-1061
-1389
-2719
207
4504
119
-2195
-1781
783
1364
-3486
1443
-4535
-2768
1269
205
-487
7979
448
2362
-1562
-7585
2222
-4068
-3060
-6090
-933
-3637
3691
1390
-3076
1237
-6860
-82
909
5430
-821
3131
-2673
557
5114
568
3140
1376
6634
-4562
-2710
-1293
2579
849
2730
247
-1149
-2830
-2201
3119
-629
643
-6413
-1530
-209
1017
602
-5149
-1199
355
-4166
146
-1519
398
-256
3813
-2614
2994
-4068
1420
-705
-3878
1997
-5681
3254
1544
124
2123
-1147
883
-2553
-3190
-1846
-434
636
-6505
742
824
-207
1218
-1311
-1357
247
-90
588
724
-3506
-4458
-2318
4156
-791
1146
-999
1195
2152
66
-5689
148
1459
3552
-3009
-25
-1137
-527
3301
-1373
5049
2361
-709
-2199
-1399
3301
2540
-7507
2409
-1028
223
2472
477
1348
-3999
-1929
925
5392
1765
-3570
-1463
-7711
2840
2217
3142
-582
2838
2892
1571
173
-296
1401
-2308
-1414
313
2663
-1353
-4740
220
3153
-9246
-400
-1455
511
3640
726
4407
1034
-5423
6919
-1605
2012
-2344
472
-1602
-2367
-3271
6237
5502
3687
661
2047
1611
1289
2714
4061
-1487
969
3010
-2510
820
-5474
-1272
3318
-466
770
-2306
1989
2327
454
-1946
-3624
2343
3405
1306
-5927
3438
-750
2477
3315
-2583
-1777
-4363
2157
952
-1187
-5220
-527
-8780
492
4889
-2631
-2969
6692
1583
-447
2499
-3009
-7140
237
2460
2261
-3801
-1242
-2967
542
1742
-2255
-7069
582
-4107
254
111
-4315
2178
987
3416
7634
4157
-1679
-2737
497
3906
-1753
421
2987
-695
2
-3038
-3021
530
-3585
-2072
4545
24
-445
-2344
-3056
771
-3759
179
-6709
744
311
-1501
-3518
-5505
-986
5214
4427
2505
2684
-1626
-1259
-3279
1348
-2671
2441
4711
-2074
-257
-6
-852
-962
-134
-1431
-1033
560
739
-3918
-1961
1227
-262
34
-2443
1734
892
-3981
-1820
-849
-945
3213
2473
-3634
-1720
1206
419
-2157
-4432
-4499
-4685
-1030
-2780
-2776
537
5747
67
750
-972
188
-2755
4991
-340
-71
-1761
6184
-2519
-4730
-2564
-4692
-2382
-833
4054
-3718
-2197
4797
407
1625
245
1306
-1270
-6088
4113
-1168
1130
1159
-1682
-9288
1775
2994
329
-8119
4457
-7687
1390
1073
1881
-2559
-1418
-1578
-1954
1927
4159
2638
-3889
-4646
3445
-1011
-56
-988
-846
3382
-933
923
3823
-879
-2735
2734
-693
-4644
-1164
-3824
3089
2515
-2121
1534
-3951
2476
1807
6104
4008
-2370
-3566
507
-1299
1425
5532
-4540
-3622
-1138
842
-5394
-3819
-1243
-4987
-672
1796
5463
-2619
4216
2753
-7468
-4774
-1085
-81
4743
-2752
1601
589
-2802
13
-2441
-552
2250
-3898
3605
445
32
-2745
-359
-1473
2236
-1122
2308
2150
5333
3643
-2122
-700
-4560
-5636
-5599
2404
-2685
-7118
2570
2233
2249
-2214
15
449
1090
-1412
-643
3131
-2816
-236
1517
-2872
2033
1219
1522
3738
-104
-2507
-1073
-3022
-5147
-2779
-6218
-8161
2298
106
4780
393
-1708
-965
-4630
-2004
1053
1714
-3738
-1931
778
3338
-2363
-1338
-2514
-1287
-130
1193
282
-1098
456
-1715
-3724
1753
128
2453
-1940
-2638
-4415
-4922
2249
-378
-2375
3914
1488
-1106
-4474
-1006
-3983
-150
4090
-2240
-1315
2816
2892
1091
1419
-933
-3355
-1106
2305
1565
3030
2860
3000
-2575
-750
-4398
-4012
-5334
2318
-5176
2012
4056
3139
-4578
1289
753
1489
1324
-627
-86
-3140
2827
-129
-4274
68
61
4157
1122
7800
4643
-2176
3126
3449
728
-5655
-623
860
3329
-2370
1318
-2388
1717
293
556
-2114
392
2955
-2138
-7047
155
-3686
1086
4879
-261
-3839
-1499
3256
750
2423
389
-203
3218
-4258
-3806
-4874
7874
2568
-1743
-4212
-5795
-639
-4306
-966
2739
-440
1918
4529
-3250
-194
6942
-18
1299
524
-17
-4526
-1021
6249
-4428
485
-478
1286
-3477
2124
7118
2882
-193
-900
-1574
-4137
-3309
-5119
-1271
-4162
-747
-3508
3102
2019
-65
-7106
-1669
2020
1632
2571
1047
-527
4025
1601
-2764
-2541
-2825
-4817
-7
819
3626
5520
834
3530
-3283
-2145
243
2671
-2976
-286
-3800
4794
-2217
1336
2185
-2696
785
-2618
1659
-2916
-4216
-2778
-612
5154
-1875
-577
-513
-1880
3088
5402
-1456
-2583
-1122
-1111
2880
3768
-2617
2955
1011
-3404
-1737
-6441
4575
-3486
2443
-3478
-2734
-250
461
-2298
3287
1022
2562
-299
-717
-3050
483
-4064
-2379
2991
-5333
-773
6492
849
-3539
867
-1180
-251
4692
-1449
