0
562860
0
0
640641
0
0
0
0
2072489
1356590
0
0
0
0
1229513
482056
0
0
0
514458
0
141036
0
0
425842
224258
0
0
0
218985
0
65695
0
200691
267646
0
994509
0
0
1534350
0
0
0
0
0
279668
0
133090
0
0
314711
0
326858
0
0
0
462534
0
0
0
0
676109
54283
0
1041686
0
364433
0
208526
634005
0
124175
1184498
0
156363
0
329577
0
0
0
493601
175265
606338
0
816957
767167
0
1997617
0
1435770
819631
1434982
614500
2982
0
0
1102430
0
0
720126
438010
0
0
0
920645
0
44579
1745040
0
1107923
1435266
107708
663816
0
11809
0
192474
0
0
183518
305913
935142
0
0
0
1131821
0
104601
0
0
0
241675
90071
130843
0
0
349029
0
0
757019
0
0
824039
896142
375728
0
0
0
0
0
1328038
99612
269655
0
1239289
1357722
0
774797
518235
990506
0
315340
609517
0
390450
0
0
0
0
385426
0
600490
800296
0
828737
178743
0
0
0
72587
300168
1784649
368813
1700536
0
37240
547678
0
0
0
108868
86368
225439
0
0
0
11675
209037
0
0
495882
0
0
0
0
371763
0
295414
530846
479697
0
0
0
154572
180995
0
953785
628916
12357
787789
0
284426
0
0
399544
1085538
365570
0
453155
0
0
1515880
0
158664
894024
199890
314091
129348
720116
0
45597
0
1245274
0
1183612
0
26681
895775
0
1363883
0
0
456831
0
0
332496
0
0
285175
0
0
0
434551
0
0
223046
1056957
28751
1406427
912414
0
252883
0
0
2450363
0
598770
151885
1357525
0
0
363518
153106
199359
0
0
0
0
660059
4860
0
153858
0
905146
71377
0
380082
0
97663
1103829
0
0
490864
0
0
0
0
828655
335267
638120
0
0
112734
0
0
2533
254769
1719042
0
284178
0
358941
0
0
267965
0
382641
0
0
792813
737412
587729
0
867108
0
0
282671
289137
0
431782
828526
0
417515
0
0
0
1190587
0
1188618
0
164318
0
0
149512
0
0
0
0
0
334430
0
0
0
0
0
2295088
1663207
0
277361
0
591346
415886
0
839234
0
694016
0
81913
79142
0
0
0
0
0
662881
0
0
0
579319
0
515208
0
615309
336036
199460
667009
1332921
156228
0
0
0
0
0
189351
0
416429
230047
0
0
0
143970
1575635
80981
39453
0
0
0
266163
0
1187241
0
0
404541
0
102220
285675
794424
1066994
0
401185
827276
478967
0
1775807
1913531
657029
0
0
0
0
0
618475
0
0
857663
1415915
0
0
1216819
733661
471170
0
460351
579404
96783
306484
1519092
1048283
0
44783
49443
753731
0
158050
0
0
0
0
275966
735353
455112
443754
1412525
0
0
0
0
171140
1384379
0
0
0
0
953621
0
186788
1047928
1506181
612458
0
768185
0
361564
508797
210869
232105
413869
0
313622
330917
967270
162383
155735
140656
0
1110120
1471041
894361
0
0
1851548
0
659541
812480
0
328020
0
0
0
0
1038648
732261
94269
75528
646912
1713897
205098
0
572964
790785
0
620962
279714
421747
46045
1734785
1627019
0
0
0
84732
0
762605
781720
0
0
312379
0
431079
283097
1145042
0
481385
436927
311106
0
0
512408
1813480
0
230432
0
0
0
91833
0
743658
0
1212693
1295497
288101
0
531604
885778
521631
0
1389914
0
0
0
0
791767
0
702943
165121
0
0
0
41800
160645
0
941076
0
0
653310
0
578631
0
0
827254
0
168193
606980
647747
0
1815455
630095
300021
266739
0
0
1370359
0
2475265
362849
136144
1416030
38279
678776
293705
0
392759
83203
0
457908
0
519473
652192
0
6844
0
249958
390930
205313
0
0
1411608
505161
0
1974042
0
0
161878
0
0
0
0
0
1101457
0
115387
0
72704
0
0
580885
273177
0
0
923580
2400176
0
900495
0
1580666
277544
0
0
1843586
0
0
0
819079
0
0
0
58588
0
0
761553
0
857921
0
693287
405916
0
426146
0
0
0
0
0
210621
0
0
0
0
0
0
0
0
508523
758188
1439983
0
0
861741
1194788
832010
1019576
0
470751
88710
9167
136774
510774
0
0
2834075
0
703971
262085
385118
0
0
36824
889426
300414
0
0
0
0
0
19516
629120
546681
453395
0
472925
0
0
340517
0
0
717439
834723
0
1835817
0
1405028
0
0
79694
651878
0
665289
1742695
0
0
0
0
535800
0
167175
0
0
229791
1617536
0
469090
333370
499028
407700
0
718168
0
0
816649
1311443
0
0
337309
1511660
0
693605
155124
0
0
0
668895
0
837736
0
665465
0
0
0
0
627432
0
1184541
0
279760
0
439563
0
0
0
0
0
1559785
0
0
0
0
1061860
1719863
119102
350188
0
255596
502079
0
65530
0
847863
412727
0
0
0
517009
0
905210
7051
828660
60699
208056
608464
0
0
0
572944
350764
566934
1036956
0
640592
1337469
0
0
0
2336333
0
0
0
669019
33831
626697
0
0
0
0
902733
608486
0
1390126
217661
896572
0
0
665701
499472
302849
262601
0
355565
0
928212
385298
0
1804395
0
37645
0
40538
181573
0
0
0
8400
0
500838
1085710
486096
0
0
72486
757532
0
0
124525
0
0
1869503
1896207
359771
922571
0
108036
323058
0
2023305
351215
476486
434836
477171
0
0
0
1610457
181692
0
858097
0
103463
0
0
470314
0
0
366739
0
1598748
55451
107954
0
1327949
154359
0
607961
0
0
1219382
0
624184
186778
0
1323030
0
644106
1459246
0
0
0
0
980237
362664
0
471990
97202
0
571672
0
0
0
915332
699335
1127014
1264068
707251
0
0
0
558726
0
715971
0
1156148
0
0
0
0
0
857877
1552251
138435
308101
434194
0
367686
0
895714
0
0
1984316
0
0
674541
0
463042
0
0
747616
0
1839
309644
0
1222805
1101172
1511600
0
0
0
0
454083
0
1046139
2566655
680014
1309013
0
144956
0
450660
0
0
514658
495382
472380
328178
0
0
0
0
1109173
0
1228526
319642
0
0
0
1004898
118606
0
527862
0
1701403
0
819373
656312
0
0
264454
0
1624890
0
763736
848653
0
538723
1246971
0
7941
1214884
242972
0
0
894740
0
0
812740
0
0
689090
0
948267
555686
603755
668440
409841
0
901995
1004509
206265
0
0
694361
0
0
0
511389
354133
972782
1227584
0
0
112127
0
39995
228939
641782
0
857537
0
105018
0
0
0
0
0
1226231
1573835
0
0
0
205206
0
0
428722
594812
0
980753
0
316050
0
0
0
632635
0
0
0
345967
0
314046
0
700546
0
0
541025
467932
518425
0
65430
0
0
440
589819
360425
0
0
1206949
160126
0
0
0
690807
0
641462
0
1512370
0
228756
517971
915585
319973
1252332
91130
0
0
150516
789210
392618
0
1169115
0
0
0
0
1356397
0
1629952
0
9210
120455
883921
299781
331237
0
0
0
0
0
292745
1380437
383916
465923
1213070
0
0
0
0
0
285623
0
262505
0
0
1020880
870468
0
0
155751
26333
984115
0
210804
133333
0
290423
0
0
0
388955
0
1015240
0
1146706
95181
790349
254412
461439
0
0
1044384
683700
0
0
0
0
245318
0
82774
0
0
186628
0
0
0
409213
0
1135108
0
0
0
0
0
166663
0
0
0
1727
1499024
0
660565
0
748985
144825
46588
1237864
33446
535603
0
641225
0
0
663113
0
28877
1454145
1234391
0
0
0
452390
362628
61729
1328671
0
1280099
255287
0
39316
0
0
0
0
166037
1038786
714252
215920
0
0
0
835628
1326474
0
51133
0
0
0
0
974304
0
1077879
0
0
0
1397144
44874
0
0
0
232554
0
0
537044
0
0
693896
1149174
257191
106762
830291
0
0
0
0
474936
1011833
646085
867285
0
282645
0
0
0
169194
212771
0
0
0
597883
0
0
746225
677112
128138
508705
0
0
612407
0
790863
94019
0
613845
0
1145732
0
903305
0
1921554
39113
0
0
0
136625
170462
440166
1816920
0
0
0
0
0
0
1547564
0
0
591117
0
341753
379569
606807
0
0
12188
0
1015547
0
0
0
377461
975913
0
1260236
0
0
0
0
888877
0
0
0
0
0
0
0
0
1086940
0
442628
0
561028
0
0
700577
302020
900751
158050
0
22856
52969
629411
829847
6361
0
1116287
0
110800
483952
0
160663
0
0
0
0
95107
0
0
127233
99000
25878
120746
595203
845411
0
0
408082
565127
0
0
0
842004
740683
571445
332339
0
0
408203
0
0
0
0
0
1020790
477175
1000375
1124734
0
599804
420819
1799020
878711
0
233205
0
951138
0
667153
650463
1693540
28208
0
0
51844
2319462
580832
480701
254826
60911
45978
0
0
0
0
0
0
0
444368
0
527948
340271
40316
0
235797
767588
0
354358
426738
0
0
536918
816336
0
0
754236
0
470744
264844
753864
0
0
0
153528
34015
828366
995055
0
74235
309611
313634
0
0
1072326
658081
103869
0
378336
299954
0
0
129779
0
0
0
85248
0
853404
1025215
1412709
0
0
646003
300172
719646
280119
0
0
0
0
0
0
720640
0
0
1948676
0
80614
396
1791311
0
0
0
505304
0
60682
418812
107087
0
535221
0
0
339324
713369
155451
0
1139904
1210263
0
609824
430389
0
197934
0
211066
0
1459562
1575799
452870
0
224143
232152
570138
173177
0
0
1342525
327693
0
0
952364
0
639407
0
1160216
0
0
16032
1397364
0
0
64656
151294
794657
0
162889
0
411182
898658
501997
0
0
994425
353354
69236
860666
1259531
0
0
0
814734
316234
151770
0
687099
1273880
0
0
0
214764
0
0
0
0
42380
0
0
0
0
346652
196801
0
0
0
1371578
186787
0
505229
0
0
0
0
1155230
0
0
0
0
404067
117740
0
759259
351555
0
397087
302614
0
0
0
0
611712
0
104556
0
0
840629
0
0
0
1598995
280482
0
0
0
0
0
0
73640
1132291
484060
753858
273914
614370
0
254686
837898
0
0
204665
166410
0
0
0
244306
0
203374
225792
68072
280757
48358
509687
0
103582
0
0
0
0
744268
0
628616
782667
0
1086598
0
0
1143898
622485
0
0
0
0
0
0
0
0
0
670691
276147
176184
424233
77483
465095
0
1488066
0
0
327344
0
0
0
0
267524
0
910217
0
909843
0
214919
291876
0
0
620679
209639
85672
469029
0
831775
360473
1172045
0
808106
0
962567
0
0
0
2439840
1038011
0
390858
0
0
322500
0
1323657
0
0
583977
0
346406
0
276892
0
1450094
0
0
0
0
1023513
1226108
1191223
462084
0
1486845
0
1648664
363308
335848
346151
0
0
0
780128
0
946372
1026331
1960816
0
0
728426
1152328
0
1153559
792274
470046
0
0
293670
517107
1451449
726226
807625
545381
397215
0
0
557085
0
150201
312781
870938
0
1421904
0
734277
381340
235559
29484
0
0
18718
0
0
0
0
798429
126981
0
108595
298096
0
0
0
723091
0
173748
756703
0
0
27164
0
0
535166
225224
0
941596
0
0
0
0
1110225
225168
285746
0
0
0
0
0
945420
0
0
998522
200675
1334428
662708
427814
0
876708
0
109883
954951
441880
0
0
0
0
0
674447
0
956695
668650
352192
1008850
627284
633363
0
0
0
0
0
0
640701
0
661350
0
793407
0
635995
0
306310
88375
842333
26876
0
65920
1231028
1462009
0
518250
586524
0
168172
1205189
944962
0
116618
0
0
233846
897561
0
0
348625
74720
0
0
0
0
562611
0
0
1057498
1405942
566141
0
213198
1308326
290416
31277
0
740805
359508
0
590788
0
0
903691
0
2451072
679073
255646
0
452693
415334
0
59289
0
1045396
735072
583164
460589
0
520869
1084496
402602
0
537050
209627
0
592893
763649
1225002
534445
0
0
571995
798157
512601
1319370
0
124778
693285
0
506805
0
22198
86970
0
0
1288452
0
0
0
222423
162883
836205
168881
0
1011081
0
576873
509827
80972
460319
0
0
741302
0
0
0
195319
594681
0
58876
0
996910
0
0
736585
70254
0
727177
0
1066608
0
0
0
633004
0
628191
263354
438524
0
654446
496687
0
398880
0
55480
0
0
709858
826390
0
552516
283959
1069924
0
0
0
1877433
0
665209
0
257511
0
0
871995
932425
0
0
0
0
548090
0
800697
232105
1147049
0
584264
759937
605210
0
634085
0
344288
0
253403
0
0
0
101383
683410
1007853
0
332214
0
0
452131
122375
614531
580815
0
182271
0
0
55710
284560
0
0
0
0
258943
0
329335
0
190966
0
0
0
1598037
0
0
0
765692
224880
0
0
0
0
0
1590358
0
0
687273
959568
0
695836
315272
1562708
0
797154
0
0
378536
0
263563
0
0
0
0
0
0
0
1944252
0
1523162
0
1080542
0
0
1770573
0
36320
0
0
0
0
0
0
806789
152560
1461672
104484
0
0
1170828
0
108695
0
0
0
0
103927
0
0
307700
0
0
5576
0
1099510
1055852
0
285804
690864
0
0
288850
23190
0
798187
0
0
5110
0
3400
877781
908593
8689
1494163
0
110345
0
16117
0
895432
331479
0
44908
0
690439
240624
0
2329116
296271
123674
0
0
18750
197707
617706
1595143
0
0
671599
0
350875
0
447678
0
0
0
0
0
0
0
0
0
72688
0
429526
0
929821
0
38006
586862
611781
0
143469
0
459436
0
425724
0
1045766
0
0
215540
0
0
0
163445
351307
0
0
0
0
0
0
601705
0
808717
0
133382
1714958
913858
1961584
0
1125112
871728
0
1061453
914734
0
0
20244
0
569304
0
0
0
0
0
0
0
791878
0
0
0
0
0
0
0
0
0
0
0
0
0
720004
9880
389357
1003473
212478
0
0
872272
0
1083760
0
116642
236784
0
1139379
214317
0
330101
0
0
0
553644
0
1574295
115047
0
0
0
819250
0
0
0
1322912
870970
162014
637570
0
1086556
105592
0
157682
0
0
0
1574744
0
236318
252570
0
776223
0
0
430217
0
1306303
610885
0
81922
0
0
0
1871340
294506
357731
0
466730
611772
0
0
697681
1058771
0
493392
0
0
1713481
430265
2232499
0
0
560450
0
417850
826162
916684
0
0
0
111192
0
0
2223598
19995
648575
0
0
0
0
0
15518
0
276045
0
683783
180294
450470
400603
0
660235
72858
0
0
48364
130323
0
822024
0
361491
0
950670
439971
932412
7403
1351983
93908
0
216115
0
0
0
0
461414
0
0
0
0
0
0
596862
468824
707492
74841
215903
0
608775
390168
434044
0
88063
0
658473
0
0
0
98281
0
0
580681
0
0
316021
396065
1076778
389954
921968
0
0
0
0
198989
1159445
0
0
97390
458453
0
483135
649603
0
1269816
1573310
1133265
0
215568
0
538646
156124
0
0
451298
0
1869993
477502
0
681641
1805864
0
0
0
170110
414669
1293079
124564
302132
0
0
0
0
840405
552859
0
0
112209
398251
0
64441
0
0
0
0
0
0
206103
1480377
300042
0
800219
609866
268909
0
658629
0
225699
0
0
0
1382515
169614
0
0
0
0
495939
0
472911
503543
164824
412326
698468
1000385
334880
454055
0
0
0
0
0
2164183
414577
0
0
676103
0
0
0
0
472647
316674
749237
296300
251658
52957
0
0
128241
1263947
0
303297
0
0
0
166452
775864
1190024
0
9141
82110
388011
976058
0
1291980
0
109777
0
0
0
0
0
0
333721
917526
467836
0
1590134
550035
116151
0
0
0
0
332243
0
1149065
0
274308
221904
0
598582
447388
0
0
0
0
494765
614619
0
156140
155653
0
0
54326
0
0
0
0
0
0
0
0
0
0
91105
0
0
0
67111
0
0
0
41697
0
1625963
589234
34441
0
0
86314
0
0
548391
0
81494
394773
0
280601
0
1752121
0
246016
0
0
0
119184
0
0
0
605498
0
1229446
247537
0
0
886945
0
0
274370
0
316843
125336
872051
121481
41373
748363
0
0
0
0
455478
296966
29613
0
0
77724
0
0
688108
0
387806
1603745
0
370566
0
1022265
0
0
0
0
0
519918
197120
0
0
134293
366057
0
0
0
0
265935
359159
0
1057261
607162
325213
0
172524
410665
60083
0
398641
733903
0
1490085
0
238065
0
453660
0
270712
0
0
0
48032
0
1342208
372946
788546
1107165
0
0
0
559898
0
0
335662
72828
0
114074
0
389331
0
281582
0
0
0
0
242247
139631
0
764221
269556
0
0
0
0
160830
1548518
673159
0
594621
0
0
192202
15383
0
387463
0
0
0
771512
801140
51992
466499
384654
785147
0
0
161419
445865
0
0
325413
0
309595
959795
386110
842154
0
482436
10732
0
1601153
0
828978
959056
0
6416
0
0
0
0
0
1909245
0
1134959
493706
1165799
0
0
23341
0
0
210958
0
0
0
528200
1998810
280297
52271
0
0
0
0
0
759994
850951
435984
0
14141
0
0
0
0
695525
0
385172
0
0
605871
0
31683
555571
0
0
1035845
0
409258
87811
2205659
378018
1182288
0
0
0
221417
747270
94059
115049
942417
0
1518518
0
0
0
433093
0
786734
83170
0
0
0
0
838228
749385
0
0
0
0
1482842
0
1135699
496013
0
0
608084
0
0
0
0
0
69572
1046807
0
0
0
0
0
0
927294
0
34376
0
0
0
0
552143
611341
0
0
0
0
231145
0
0
405792
0
1030699
1034257
1343220
0
0
209490
183878
0
552979
0
327648
0
0
0
414174
1314057
0
0
777707
768374
881402
0
0
40457
0
0
272663
470996
55490
0
0
0
1534573
0
1023409
0
1137153
0
0
272783
0
60901
0
0
289147
636154
365938
0
0
0
0
0
0
703142
268631
0
0
296338
671271
0
851785
504329
1200960
0
154046
561079
0
0
0
575940
825838
644865
0
0
0
0
469204
0
186202
0
676433
0
0
0
0
0
155270
550334
0
622374
733826
0
170480
0
0
1137014
0
360010
83481
929460
0
890964
0
464806
653998
0
940666
0
0
988194
0
0
0
455860
341871
0
0
2082886
0
561659
0
1759252
0
0
0
0
362023
0
569389
507653
829537
0
0
0
497857
0
1473837
505592
0
1715011
34883
0
0
0
1007943
346083
0
131452
282445
0
839224
252931
0
490488
316994
0
718067
0
1593071
493434
314557
0
13662
335156
282587
1798464
704619
0
18941
0
422
1003803
0
272889
1394336
0
204
0
451336
0
283246
0
679730
0
1551918
0
86041
506611
0
412451
349610
0
0
1008080
0
0
0
978626
0
0
0
147277
0
0
0
0
662908
0
1275005
637456
119034
0
908427
0
0
0
0
0
311411
109417
0
653867
0
0
0
1435515
0
0
957234
510266
0
1397765
0
0
113974
209188
168765
0
0
0
0
0
1617413
0
210300
1168085
1320213
0
605448
182108
0
1370408
72326
0
0
971603
0
0
0
290703
0
362081
0
0
699633
0
0
524747
731488
613647
649956
656767
0
93781
0
894413
908565
803275
982197
412194
0
0
1292728
27150
0
70155
0
490523
0
278764
1692337
0
0
461758
516766
393896
0
712627
0
0
733775
357633
156152
135247
0
0
807230
225364
0
1251538
0
151754
0
0
583876
738810
113560
556834
2384106
235367
1489153
0
0
1316526
0
334836
309199
1408858
0
0
454675
472265
0
1367075
0
123324
0
0
66673
0
140238
0
0
0
0
189869
0
0
0
0
541376
449020
128608
889186
0
574338
225302
0
508898
0
0
218460
0
890525
783276
691797
167874
1185425
1244728
312485
977131
0
0
572963
173094
938104
556100
0
683688
0
2241319
0
799831
318703
0
0
0
28671
1026329
476958
0
83334
263577
19167
0
0
306500
0
123260
0
0
501202
229852
0
0
0
0
562030
861114
0
335814
0
566914
0
0
0
933168
1051543
380823
0
537671
442819
938770
579237
0
890834
0
0
0
0
1114259
563339
0
353103
0
1585661
0
0
73670
550253
175064
0
0
0
892071
0
0
5881
0
1894846
515422
0
0
0
468670
875423
0
0
0
641842
1118625
686225
169462
0
0
0
0
0
0
0
445190
0
374732
807044
79251
0
964664
0
0
0
376624
0
0
0
129311
0
22467
1017115
0
487497
295521
0
0
764472
323475
1424277
0
84391
0
81546
304718
0
715365
1123279
0
0
625296
0
0
0
2043337
727204
0
841099
0
363989
0
461361
0
773063
1137213
1331283
0
789547
755111
0
0
1045741
0
89088
0
0
342209
111892
0
51571
391474
0
0
0
0
943701
900759
60913
1275470
485535
0
493321
646399
0
0
996639
0
1233134
0
0
236308
0
510745
1233826
0
401655
504291
540786
0
765462
1358951
0
713502
0
546771
0
1991333
148474
440059
629207
0
242904
0
0
0
0
0
587995
12817
44503
0
0
0
68662
204655
875502
377700
18065
164713
0
0
538368
744840
658776
0
1300595
525168
366702
347795
0
0
827384
474064
0
0
303056
1048323
0
0
893436
527180
34517
0
851699
0
480011
133933
0
1215994
99663
0
845252
483901
0
572700
0
598045
447750
319954
0
0
560248
1359714
0
15540
0
690479
823581
0
323518
875512
794497
0
581715
592469
0
0
874578
139028
0
0
80438
0
0
1444504
558984
405559
14477
0
0
17017
0
0
0
0
202253
1741326
1041836
0
0
167449
316698
157388
960999
0
0
45932
595659
0
0
0
0
394510
0
1130857
317215
0
185392
0
543181
113631
364471
441140
0
212381
1910131
0
499460
0
0
15029
0
0
0
543508
0
0
1381091
220461
0
0
250517
0
0
103849
0
167680
834966
141279
756976
0
852072
0
0
445738
1072261
253977
0
0
0
428580
0
288587
694895
0
686760
0
0
0
1583476
244190
817475
0
396602
380494
0
218545
0
187040
679443
0
940487
0
57723
430639
704171
0
0
620384
332454
120028
0
533797
0
0
29652
1042085
0
0
0
0
13079
179562
578976
0
477183
300121
0
0
0
121494
1890417
0
0
250156
0
1178691
978237
0
832732
0
0
477469
1547308
0
820003
728948
0
628528
0
0
0
0
65345
487190
0
0
981251
0
1693187
0
0
1566876
0
651399
0
0
0
0
0
411701
195958
352259
0
1213668
0
0
336253
767009
0
367241
97216
702756
140480
0
247630
0
0
0
1708933
576301
0
0
0
369187
0
0
1116123
0
0
943762
515499
376370
563203
0
0
675257
0
802632
330960
0
275321
0
474761
0
861088
0
0
592659
1410066
141284
0
0
0
1099240
0
801121
0
954087
0
0
8326
959879
0
0
21726
715594
0
0
0
0
0
0
0
0
255432
0
0
0
490903
0
0
413329
0
0
0
0
443231
904333
1074340
0
1744627
0
833688
0
0
423254
69573
0
536354
154384
0
0
0
0
0
0
0
497648
224518
0
317902
61842
0
144544
0
270811
0
0
661042
684400
468325
113705
287088
0
0
680063
246538
606833
0
0
0
0
413986
1022606
0
0
0
831910
68673
839047
836251
548729
708752
1065034
0
229527
0
541064
0
389867
296658
396692
0
0
1277181
0
0
0
0
901863
953841
0
964836
946343
0
0
838703
1177566
0
678824
0
0
881720
267905
0
918536
0
0
0
389530
0
0
957097
0
869428
0
720371
1704493
209064
173733
560570
0
0
0
0
0
325855
0
1078598
316097
287089
398689
226635
385137
269359
348077
0
798425
0
829324
249687
0
0
1073495
0
455735
587526
6679
0
0
0
0
0
0
702273
0
0
0
0
341968
0
0
1251906
0
170127
0
0
140354
71241
214162
0
0
529263
0
18819
1473629
0
486106
705976
0
306913
689627
946467
612411
0
1216026
1826125
336047
0
0
0
0
117255
0
0
0
0
0
327273
1245515
558583
133394
1407567
0
461169
0
329537
50225
781958
0
0
398371
18572
0
781121
994855
940695
1822688
0
0
0
0
547222
0
0
1195573
149338
436929
652179
259106
0
0
0
0
1234791
344485
798937
171296
0
827840
0
528006
539977
270468
0
1096320
1165196
452818
0
0
0
1378463
0
585781
656571
0
1288371
0
0
0
293017
0
601776
274207
282656
358300
1317213
0
0
0
119469
0
0
0
718446
0
0
746997
0
463363
426909
0
157001
313707
0
0
100975
225903
1702207
0
0
0
0
821850
914742
1495942
0
0
0
748657
0
1224501
1059062
0
0
0
0
0
393849
1481811
359344
957155
0
442006
0
0
132378
996908
903094
0
0
176468
0
0
53960
0
969949
0
38656
0
0
740867
0
460857
476032
217612
825089
180708
678997
128221
1189227
0
0
590961
61891
0
1229774
0
0
0
521063
427129
116031
350882
761558
51953
0
0
205611
787761
0
0
0
105212
0
260126
259940
771342
0
0
922338
0
0
589536
256681
0
0
320678
0
942069
2288542
235395
313053
0
373797
0
0
0
0
0
0
0
1462194
112987
1007964
0
0
3656
0
0
707401
1237117
0
594777
0
330059
382702
0
0
170447
0
1137286
1330548
0
0
640571
523824
547846
0
1314918
283839
0
251859
0
0
0
0
285537
166429
0
82656
116924
0
446982
100371
0
0
0
0
0
0
0
0
351837
567830
0
750462
0
948533
400516
0
838078
741306
1072445
379962
0
199619
389075
0
722451
0
0
0
0
0
0
0
763432
0
0
0
0
0
332398
97573
819374
41270
1198337
0
574986
0
115280
0
124321
0
0
292759
0
696858
872062
395724
0
2020323
1574851
974572
1145410
0
0
0
0
299982
1499164
0
0
0
801706
0
0
0
459946
0
177638
406446
0
89280
338098
0
881532
0
0
1808830
0
1414982
0
0
0
0
687129
0
1338815
0
1195867
0
578181
0
0
692860
874208
0
0
0
0
0
0
0
0
0
0
355454
456320
1221848
0
0
0
0
0
1866769
425171
586431
0
0
0
1182122
914970
0
0
831718
0
0
0
0
0
346674
241840
950456
28148
364530
986457
0
0
0
0
143427
0
2141916
0
0
0
1135717
0
755224
0
566408
0
929320
238165
103062
0
0
941942
0
0
0
0
0
0
0
244556
0
963077
0
0
0
785455
1855747
0
29338
80378
97237
0
0
0
899536
486225
332553
1462254
0
7052
344069
573967
0
639267
250086
0
0
0
0
1364439
830919
183393
0
0
0
424123
575179
1512187
1920180
0
415515
0
0
0
0
34636
189499
0
0
0
0
0
0
0
84050
0
0
1094534
574051
271057
0
1425689
1160109
0
965851
0
0
839976
318439
0
80419
297383
0
0
1029588
1461036
221021
0
1018354
281736
0
0
0
146195
656028
100335
328124
64777
1115810
0
545807
40006
463943
0
0
0
0
0
264777
424037
0
830160
801720
775327
0
0
522517
64205
256325
543675
0
0
0
0
0
1610782
166560
0
808471
248627
0
1848631
0
572556
170335
608360
0
0
340053
408499
0
0
299801
793522
0
83719
0
0
266226
0
196229
1356864
244604
0
0
1789234
0
275408
0
0
0
0
0
0
0
909405
0
0
210746
0
370528
579741
263941
488943
0
0
0
0
204214
782662
426381
0
0
0
0
0
0
376889
714019
0
0
715055
1191217
678660
0
0
0
578211
389508
0
232209
0
1204394
404171
0
0
126553
982193
234511
1142170
0
475938
0
0
0
307726
839878
452240
0
400905
609324
0
0
926724
0
0
0
0
229164
0
0
0
959829
200500
0
955617
29494
0
0
0
109550
0
0
1269827
462308
318194
0
189091
1148642
1236045
0
577752
0
0
769195
1009143
0
0
344426
371602
0
342897
0
648289
0
0
0
0
888529
40266
0
916582
0
297787
1737406
753265
0
1598312
1255179
0
426138
0
961673
0
0
262878
198560
661988
327638
0
0
637031
580648
0
0
0
1002018
0
396097
0
0
0
175599
0
78488
118894
0
263055
2187118
847616
0
0
691472
307900
0
761915
0
0
156946
0
129386
0
0
1571291
0
540791
399321
0
632409
0
155430
0
0
0
0
0
0
0
311098
156078
1501980
0
212318
0
191970
932466
0
559792
468667
0
0
0
0
0
223679
288288
341288
199594
700807
925097
326436
0
21002
0
0
0
0
734598
651371
638212
310889
0
747154
0
243310
231622
655344
1173103
0
437638
0
0
8695
0
181437
0
0
0
0
0
0
455397
0
0
261765
1063254
0
209194
851169
0
0
0
69296
570345
891674
57710
75416
0
0
595653
494184
539391
157769
1109369
1184619
90605
0
0
261178
26854
0
216822
1318121
0
232559
0
1808604
628928
176779
0
331592
0
0
629580
0
0
701866
1956003
0
13745
1843208
214940
578433
0
0
393103
159380
0
525981
50486
2424462
643129
0
424687
0
0
0
299335
694492
523195
0
0
0
0
5542
854440
1259767
707822
151832
481153
213902
0
0
363070
0
1104163
483720
306236
1282289
22223
0
0
0
0
0
126383
111783
0
564677
0
463852
612180
0
1090271
876629
0
0
456611
0
444227
0
647634
124866
0
181011
0
587377
0
332245
0
963929
0
0
0
0
485203
0
1237704
0
306045
57710
0
239702
0
8151
0
1732757
729024
0
419111
0
149468
453330
55041
0
0
0
0
0
183938
0
0
644829
1042063
333712
468161
0
33306
0
0
717441
425334
0
166608
769455
0
1533431
0
281467
0
0
0
0
1089347
55388
0
0
0
0
1439283
1222413
0
557599
0
0
31015
0
0
0
0
0
1181261
554460
251345
695336
0
0
0
0
607902
705529
667856
205348
0
0
846683
0
121101
0
0
143144
136127
308533
789689
0
0
222067
1336164
1305296
559088
1517374
683949
296933
72416
0
387828
0
0
546473
314309
631767
402989
277079
87897
0
0
0
189988
0
419931
748481
0
0
0
0
145242
0
134900
0
580177
337082
0
103256
39906
0
0
0
1397588
0
0
564284
0
0
0
0
235692
949678
0
786471
516575
71809
0
0
162129
293084
0
0
562693
729591
710714
1282004
0
152688
68208
659075
668547
130993
382201
1075768
1085950
0
685594
623161
403311
0
736909
0
1016704
534735
0
0
0
0
309959
939011
1150719
382928
88601
324418
1295751
0
0
0
0
1931724
0
1032912
0
0
555374
403835
137403
0
0
0
942789
0
0
1161386
0
0
0
1639335
0
0
0
0
0
1017670
0
677956
0
0
0
1053195
375059
0
0
1556311
0
155569
898312
830599
142938
0
0
0
1011260
0
621538
278011
0
0
1707237
914223
0
0
0
0
1036953
0
0
0
0
988465
0
153829
0
0
5038
35714
298243
166791
0
0
0
887879
285532
0
1085668
0
0
0
0
0
0
559885
0
0
0
197677
0
0
0
152101
0
615824
0
830840
676589
0
0
62561
0
773587
0
0
535349
713587
173003
0
0
0
0
519446
0
175668
951208
665561
0
698396
0
138546
336882
0
100484
527900
21816
189212
0
104176
0
0
213452
217992
203707
472041
1005082
459346
1505914
0
0
0
0
226178
302148
908179
1133316
25779
177555
0
0
597882
597238
162709
0
652000
0
0
0
0
0
611966
669640
0
360694
0
1067105
1589091
0
0
0
0
0
0
444611
320219
310504
8941
0
0
0
0
0
311776
0
59075
0
273623
0
470302
0
691015
606922
873920
1161879
0
1189287
0
0
0
241757
491306
243825
0
311138
0
0
0
40798
0
0
14452
293406
247753
0
1165403
0
0
90719
0
0
642776
0
0
160895
816889
0
399245
232074
181838
0
0
0
614274
0
852681
1873126
0
951163
717878
0
85168
242146
510980
21625
0
631862
0
163532
285170
0
0
202917
0
0
0
0
0
196296
0
0
337439
0
460493
109508
629523
436899
1410744
946204
154785
882398
540379
0
82523
0
0
420187
0
610051
0
0
462831
0
0
622716
0
0
0
0
0
0
0
869873
617706
1533213
274382
79251
0
0
690054
0
643634
368444
0
0
0
273375
232983
0
0
0
0
0
1090733
0
743885
713464
0
0
0
0
0
1326623
50846
511177
0
250228
0
510886
232609
12089
0
0
0
0
0
0
343992
153525
0
751312
96566
299076
0
486571
626250
0
0
0
0
0
126429
382642
0
1240729
352476
0
0
1054622
0
450108
0
0
0
0
629158
0
1749
0
152974
0
0
0
0
0
0
78819
0
0
35339
0
499459
1355826
1432505
0
0
1185435
0
0
0
413839
0
0
0
889234
0
0
0
21360
0
0
1065061
915263
1341616
0
1149825
0
0
621253
0
0
372234
169243
181255
0
0
1019685
0
552110
0
52436
0
0
929147
0
880566
383546
0
0
0
942242
917183
128129
440476
0
0
0
122498
0
0
0
0
0
0
0
0
392703
0
0
0
197257
0
339473
0
0
124658
677971
138145
475439
0
0
0
200056
465583
0
0
0
0
0
812074
0
0
282201
0
0
0
0
0
0
0
0
28558
318003
6696
367969
0
528549
594381
0
0
1662039
104706
0
0
0
0
0
0
0
600791
1433373
0
0
0
0
0
0
0
0
949048
0
0
1180657
332582
0
0
0
0
1156420
376185
0
422765
650327
0
0
0
0
713820
363119
0
0
402540
0
0
0
200676
0
0
0
162600
0
472330
135779
250578
0
0
218444
172130
852651
508781
1145218
0
0
12361
0
0
0
174788
643545
678113
0
202805
0
1128610
0
1475230
0
0
0
0
0
0
0
479481
0
0
415890
1141571
454510
0
10451
107092
785808
0
339425
1366841
0
0
309373
0
0
0
0
133590
0
529735
0
111407
241360
0
0
0
455459
981252
369174
0
192217
961970
290830
675249
0
971377
297821
0
1403149
0
0
0
0
0
969226
0
549009
40557
715361
0
0
0
0
1335260
146005
0
0
526518
1516979
0
48526
1513095
191922
2384705
0
754013
0
519669
30431
400201
0
0
0
1311683
0
1866097
288485
0
565797
0
610022
0
0
0
566646
26538
0
734374
633860
108514
979105
0
133218
0
280883
457
0
538795
0
0
0
0
0
9433
271699
1255619
0
721077
111748
0
0
1081504
1038104
0
0
321343
252740
561743
0
0
0
0
520182
0
0
0
612134
575006
241222
0
0
0
0
0
137543
586327
381345
0
0
425254
0
0
116122
693055
60624
79833
0
0
163261
0
32489
0
111580
523148
0
395699
842560
85745
0
209522
0
0
0
382152
0
0
0
0
0
0
0
1082173
0
0
1701591
0
273867
0
0
0
110037
548538
272092
0
226853
574661
0
0
0
0
327406
1186490
1104244
0
0
0
0
396140
1480174
0
772663
0
213565
402564
407369
0
0
0
354445
0
0
0
84356
0
102026
1260035
49265
444472
751078
0
0
1643083
898919
654824
0
0
0
0
1368325
0
405346
0
681132
389920
1412614
0
0
0
0
884506
500031
0
172528
0
0
0
1060109
0
0
251881
222850
0
1332948
635929
80990
1378548
0
0
729594
0
70548
102213
31940
208636
0
0
412057
0
0
0
250916
0
1504443
0
0
0
0
0
500220
0
1183709
50406
464650
0
502317
866269
0
0
753878
126061
118654
0
366594
0
0
0
0
0
0
295737
0
0
1397202
0
66233
0
0
0
106508
0
2051849
0
687668
0
235746
876869
0
0
0
255987
0
0
796609
0
0
0
0
0
0
0
169429
0
0
0
993211
72954
0
0
325808
0
61497
0
1019973
0
670815
1356278
333002
1190155
1752490
0
911097
0
813896
0
293099
183845
171166
605555
875211
0
10769
0
857209
0
0
6833
0
990002
771199
0
0
0
0
0
0
432176
462622
1072567
0
0
403687
0
218048
0
1251322
2345617
1032265
106576
1070986
389597
167230
0
0
0
89956
152145
1177727
114745
0
0
0
0
0
0
1021228
593104
556274
1151509
3553
830551
0
0
676209
1887175
0
363204
0
537420
600099
1630240
0
1355093
0
0
418440
530770
188444
0
658448
0
42454
0
0
0
0
0
606575
276206
0
0
1167839
378121
2326135
0
163294
1106337
581744
956981
1269768
0
0
628681
698556
546351
0
1038734
0
619395
0
1121131
0
0
60271
0
499862
693071
212311
0
0
0
779272
346859
0
0
0
9824
1676326
27811
1231716
0
0
0
0
0
0
25160
0
913044
1123165
0
927886
824973
535340
824883
2651782
0
866807
0
0
0
0
0
0
0
0
0
0
0
0
0
182341
123213
0
546671
661919
0
0
0
0
0
1420351
359152
0
1312744
377551
1180334
118204
0
0
0
0
0
928967
174527
44923
0
319817
0
400068
210592
964174
0
674489
0
0
801405
534138
0
0
0
0
1127217
0
0
0
539659
863825
0
1503586
0
0
890385
0
1836916
864940
415015
0
315790
834211
11141
0
176086
0
0
0
305471
183676
0
86796
0
954116
548854
476558
0
0
0
1646474
607576
0
198241
0
0
482966
551592
1273743
0
0
715645
0
0
722364
1148501
0
0
0
0
0
0
0
1480831
0
0
0
407373
41647
1826202
335266
851089
1110439
541260
0
0
581234
1155602
974046
406788
1539733
1553596
1409647
0
864968
1449086
0
0
280902
24112
710081
0
801942
0
0
0
223687
0
464831
59800
441037
0
0
291427
204636
0
854373
0
23153
0
1940717
0
692251
0
0
1107634
0
450254
642026
188130
0
0
0
0
0
0
0
363903
0
445713
1351148
0
0
0
0
0
178006
0
1462199
0
0
0
1964058
3341
332349
883511
0
166757
0
0
0
0
1082461
0
0
0
334660
898962
0
993701
0
488352
76483
1457416
0
0
0
0
0
146744
219825
912725
632774
0
808581
595568
660916
86020
27376
422416
109063
0
2023291
791281
0
0
0
0
0
0
0
0
0
344335
13378
614921
996294
0
308994
0
0
0
0
0
123706
0
1510855
0
918718
414719
0
0
257584
82895
0
800969
432945
1075794
0
727715
0
269868
701991
0
0
0
0
1230274
562861
644289
37167
323428
387116
0
0
409344
0
0
597607
0
0
0
18163
1750942
1289203
0
1578488
0
1364051
875541
171052
0
0
0
0
0
0
0
0
554693
252005
0
0
2795558
0
1310530
199754
1205205
0
477937
196063
0
388327
1044654
0
72448
0
0
0
0
955293
1159905
0
645255
0
1208769
926547
0
1489507
0
377094
134179
0
0
0
120574
774383
913521
0
415050
204471
0
0
0
0
0
307969
0
0
0
93144
700193
75369
191583
286491
2016721
1285162
147035
0
0
0
0
0
654184
0
49544
0
0
107985
242524
634017
0
887086
515072
611064
0
0
328706
199175
879258
0
0
0
443573
1073009
1185617
479582
0
1406400
150664
1560399
0
554550
0
87522
202447
0
447518
0
244995
431632
587256
504011
0
303689
0
0
0
0
0
0
174316
1072331
175040
0
0
725244
0
0
0
76971
0
0
1391531
0
110598
935597
0
0
949730
0
1100746
1009475
0
0
878070
0
1242532
0
0
0
354547
0
0
0
0
0
0
0
0
0
0
0
0
845740
979521
0
473836
77455
770098
0
0
0
0
367300
1040357
0
218163
694694
0
322436
59027
0
0
40935
803839
0
0
0
0
0
0
0
0
0
0
628628
633882
0
41188
179145
0
461756
0
0
1313098
474105
0
0
679750
0
796028
986852
0
29738
0
0
1398631
444097
1297117
0
680399
79097
0
0
853997
405542
888145
0
87366
526205
465413
0
0
357246
0
0
0
0
971264
0
819833
193057
233144
0
0
0
0
0
0
0
1121833
223024
0
775444
0
428507
0
616072
277075
0
0
0
0
992813
0
0
0
2163531
0
0
0
0
1229022
0
0
1127392
0
0
0
0
670014
0
25855
0
637113
1162961
1979165
0
293003
933209
0
294280
0
0
18453
0
147740
0
0
0
0
0
0
0
0
924305
0
0
1698109
0
0
0
0
0
0
0
758326
0
0
40163
0
578927
1162426
0
0
31326
0
0
0
502161
1155039
0
0
0
3705
1657240
504453
0
0
428859
201896
0
787631
0
0
900062
876065
0
373641
306579
0
468085
0
0
578192
807641
0
213706
0
384039
0
0
77576
13591
0
677898
244657
0
0
0
0
107115
0
0
0
817459
0
0
420240
493615
0
449399
79161
0
872456
1919112
191782
0
0
0
402639
0
17839
0
139726
0
106556
435767
0
713914
0
0
0
0
0
53526
264291
133139
0
630692
290105
1476605
0
0
0
1082222
0
0
1613407
344954
101453
0
0
333704
732151
0
0
0
0
0
415182
0
739845
528741
177317
0
0
520807
1634678
251760
600415
232502
957048
1140680
499770
394827
0
561791
1106734
103851
0
0
604688
0
0
153712
905785
778672
1564913
0
0
1142183
502023
1321003
328732
636851
579886
1239107
0
790508
105196
0
751638
916335
1663400
414524
0
1257615
0
0
0
0
1102901
0
400512
255724
0
985754
0
687722
0
0
646952
483504
0
775969
1358451
1106823
54503
1084959
1485405
0
1057469
0
295387
755640
0
1185312
0
0
369100
1153958
0
547995
1328553
0
0
1240791
0
0
0
0
1324139
0
123848
0
486194
0
0
786604
949880
0
225437
0
745400
0
0
348344
0
286051
820410
435779
1643483
707110
0
1003536
641077
1806997
0
0
0
0
290922
0
74150
481179
69896
624627
572504
0
0
1352563
699141
1138757
119692
683224
777372
842261
0
2161
0
17685
622023
1083352
221627
166691
1449567
376810
1283608
0
0
255585
0
0
387200
0
0
643618
1930932
0
0
0
0
0
0
1187151
0
196343
883393
0
1810819
583267
260176
0
0
0
0
0
898018
0
0
753914
0
384310
641328
0
293987
0
0
0
0
494266
0
0
424285
215397
0
0
262298
0
878055
740469
0
0
1381597
211673
0
0
0
650563
0
546056
405548
275087
0
894610
0
746757
0
0
236480
0
0
106531
202909
0
1036980
2292322
0
65572
1679591
0
582230
522522
0
1166485
0
558112
0
0
0
1021841
836521
0
0
1340294
0
663150
0
0
200710
648891
0
863589
0
0
398271
0
1543698
92962
659206
147684
0
0
0
0
691665
0
0
0
0
686926
407694
287478
0
0
720251
105014
0
496790
410225
0
670033
507567
0
0
0
867266
1627813
0
0
0
0
623407
403132
77983
1144063
92022
1289673
0
0
895213
95239
975679
1662482
507011
0
0
255038
731501
0
0
0
1441641
0
0
1443026
0
448191
0
1280968
0
0
3422
0
0
303858
0
758780
578378
573837
515748
84697
0
0
383466
925037
486305
258629
0
279209
284517
532679
373564
345350
35714
1050908
0
1209009
0
1890394
0
0
635131
0
1010697
0
0
1313840
0
302392
0
0
569807
110436
98181
0
1858267
0
13607
569341
1014592
382178
1313391
0
0
418626
131127
853862
1071159
656179
687936
316125
401494
0
627188
679463
601272
279643
1202730
0
0
179202
722592
0
0
0
485756
1172182
0
614453
1058002
703627
0
107087
477134
0
266083
484995
697682
465509
0
662044
787744
0
1695435
473905
590253
45243
0
523656
0
0
0
0
141461
0
0
0
431169
0
0
0
0
934069
0
288528
1358335
1187441
0
0
1479988
0
344446
0
731505
0
1369406
89220
1986876
231196
286194
0
298059
0
0
839288
0
640573
0
768110
0
143813
658294
533671
27442
74670
0
276954
0
1068649
62838
39813
0
4572
168432
0
1063000
514346
580471
0
555174
0
0
1603687
1007791
472809
51389
580242
704333
1434248
111135
668236
0
0
106899
326665
1187667
433829
0
0
0
663427
293280
373995
0
485542
0
0
0
942042
1140567
0
0
936813
0
1792822
335401
0
0
0
431602
0
98807
963498
0
604079
0
0
1471917
0
0
967496
721916
0
0
0
34007
20427
0
26114
61509
0
0
1179245
511058
14347
0
0
0
0
0
276505
0
2124306
300773
0
763694
495580
66446
44519
85913
0
0
153752
512746
345233
0
678701
702738
242603
0
218768
53287
193073
400555
0
0
1180767
0
0
0
0
281478
458149
0
909940
0
0
0
265628
459745
631322
0
1416313
0
0
1040027
2148884
351300
0
1607886
477465
0
0
1033920
0
0
0
0
0
0
42242
0
0
292717
0
0
0
91627
540759
0
944747
0
0
0
0
0
0
1179529
1293290
371742
0
811228
1009839
0
0
531565
0
548219
0
80039
0
437230
0
1242077
0
0
120521
548667
0
1721521
0
139381
0
547669
767234
169484
0
0
696714
684132
738758
461206
130902
440174
1933123
0
0
548071
603785
0
533663
0
845654
0
0
0
0
0
149565
0
212608
689251
770173
0
496002
33998
0
0
26000
0
0
837246
443258
0
0
1148145
583148
628374
0
1410089
0
0
0
0
0
618423
1048940
101762
650993
557210
375883
0
84575
0
553950
0
0
1998449
1244289
0
817290
116173
57106
343260
234322
0
1094276
940972
0
897742
0
372124
0
0
166100
1031968
649307
2764490
0
44448
192520
107645
524412
386786
0
0
0
0
0
1097890
578666
0
0
116009
951052
0
671353
1280368
0
0
0
0
1190163
0
0
0
0
0
713716
254352
166540
124169
0
349127
1173022
1239530
375806
0
93714
0
586029
897686
200683
1364504
143761
451378
138369
0
0
371414
47686
0
0
31620
0
1055215
469082
115031
318819
1842644
0
0
0
0
0
0
716785
0
0
734233
517222
0
1123643
244909
0
1101006
0
306875
0
0
0
1325576
0
0
610632
922678
411932
904688
665500
0
890473
801651
732728
0
0
806990
619330
328350
0
1076089
97994
59197
0
1043500
2020206
0
1119339
1020948
0
0
0
0
0
0
320051
889233
0
668842
0
0
0
658279
355979
0
58540
117064
0
0
0
563793
0
1241690
0
360101
1651424
1197631
0
0
0
0
1436835
0
0
675220
814620
180311
1080263
961187
0
765894
504269
899979
666774
0
0
0
0
0
0
588782
98928
0
1259990
366508
1155549
599902
826115
0
0
902723
11893
506781
0
303964
0
0
799624
576470
0
26375
370960
545102
421154
512072
969386
0
0
0
0
0
0
367104
6557
342350
431681
982054
279098
464987
754354
734572
0
0
1757509
0
0
570465
68106
0
514086
893735
1230736
0
0
796395
220470
0
0
0
973979
0
0
228205
1649161
2567
628151
0
707385
1219549
0
0
0
0
875255
0
0
250514
0
0
0
0
626579
729962
777662
0
226342
0
0
0
0
0
200726
322759
0
479014
0
0
0
0
1688
0
0
0
0
221233
0
0
0
1121058
0
404078
356440
924034
378227
0
1511607
1385919
0
707176
0
1772833
0
0
406002
988366
0
0
0
0
40895
0
0
0
1151192
888438
0
1127819
0
0
70498
558619
184057
0
939050
482570
920529
0
787848
777178
0
782194
0
0
0
0
399838
0
927240
125262
228757
1176013
64241
0
0
0
816295
1781520
0
0
0
0
292432
975935
0
0
0
197743
835224
0
0
0
0
490971
230268
782979
0
408013
131412
901561
0
0
0
541613
394502
0
8374
957737
0
0
0
0
501432
400782
0
0
736906
2033443
657800
819583
231435
0
245047
1821305
483171
684747
0
0
448064
0
0
0
0
0
1260075
0
0
0
82934
46621
177047
633287
141220
138189
0
0
453094
0
0
0
1523098
393176
1348212
1019405
0
0
0
577938
944775
874227
90426
0
467834
0
795431
635886
24941
0
0
841536
0
0
0
1695634
0
223716
340754
177431
0
0
0
733901
0
0
395267
0
906869
219176
0
1747817
1026627
705642
0
0
0
801538
0
0
0
92478
18078
0
0
0
0
698229
0
709898
282886
940657
0
235163
11132
642939
0
917485
972067
1075534
0
538143
0
139052
0
0
0
0
0
0
506862
117777
365497
0
0
0
360988
593796
0
0
21846
77171
1233917
0
0
315608
211850
0
0
284671
1110011
433648
38931
200150
0
0
0
0
0
0
0
0
1217658
902662
537876
354539
0
321989
0
1071315
0
0
834878
287540
0
0
298511
0
720077
0
215680
707911
65538
0
794410
437376
190437
121581
0
257207
63649
0
0
327989
0
302469
387020
0
301012
0
0
567125
3234
0
0
914749
0
890249
1449705
0
633764
236294
424611
833240
0
880658
195477
663710
390103
0
467903
347051
437210
271703
1424146
431778
0
0
205331
150580
0
73551
0
0
0
193525
966940
427053
316980
0
85463
0
113047
141829
0
0
0
779299
746358
0
882966
0
574585
0
137741
552982
0
449656
0
0
507878
658212
983465
405300
622310
0
476078
0
0
0
0
1009022
685880
973288
733380
0
1788838
0
904652
514573
103308
500828
142723
386928
514801
1874823
821442
0
981730
856228
796226
1210894
494674
0
0
0
0
316795
446494
0
384621
0
423428
369257
343906
0
599661
0
1137329
0
781287
0
0
0
356396
1474704
0
814306
0
0
0
0
46421
0
18885
0
0
0
0
0
0
384449
0
0
34073
0
0
0
908257
166531
270755
875163
0
0
0
0
423466
0
0
307164
0
1994594
638954
1063895
1352299
0
0
1797195
25266
736388
0
161894
0
0
0
752401
0
344340
308556
1253397
0
0
0
141387
0
0
0
0
136424
0
400585
0
979868
64602
337688
0
1556445
891808
1262333
1571125
1208827
256287
242977
258725
0
2775785
346924
1739798
0
347034
266636
0
83843
0
0
0
0
403443
0
168792
1126848
0
0
68119
0
159374
0
0
0
972352
0
872795
0
574498
0
36328
0
492705
438853
412309
654838
123311
0
0
0
0
0
0
0
665807
382650
0
0
70159
362319
0
896729
0
0
483527
1163151
0
456781
0
303557
0
0
219280
0
879665
0
0
0
1956475
293632
420749
0
0
0
137710
0
0
0
0
0
325019
382508
10361
419530
0
1116684
702403
1025544
310376
806804
0
258691
196116
745134
786811
0
1502885
273
0
712476
0
232054
28324
0
0
414040
0
0
810831
0
0
751641
0
0
0
0
0
858374
0
0
0
0
478705
482283
0
394752
0
0
519412
0
0
527827
1351728
856381
0
0
37156
0
1324349
8116
258356
0
277697
0
346418
1051820
0
0
0
393552
0
0
0
0
0
1114099
0
0
112994
400224
73197
0
0
424770
0
526026
0
0
0
304773
1257292
903641
0
646601
0
0
567064
0
0
0
682037
0
531845
444893
1468941
0
681421
517909
0
1406941
0
0
0
0
644077
313307
272191
1333660
808686
914204
0
200727
55720
974332
1064428
0
1457706
0
1103895
1310417
1952864
0
2204469
0
961194
0
0
0
0
715162
0
0
472651
0
0
471800
0
0
348957
2000338
288941
522550
575887
1214378
0
2382037
0
199711
1270678
1351240
0
270735
0
450747
0
229398
109685
0
0
0
0
347290
0
842962
205632
0
0
0
53098
847006
0
601954
0
0
0
300185
1173378
0
344034
253649
0
600493
152974
0
530959
0
713076
0
0
0
0
183480
564868
1416669
1017779
0
954016
1831819
365903
100080
0
387748
650157
0
72203
419695
1336042
0
0
237848
1107356
0
818094
0
0
1448440
0
0
0
919379
0
723263
0
0
0
130623
0
14571
0
0
0
0
0
0
0
208013
608118
0
1489879
752959
401599
833361
116359
703985
0
0
0
0
405173
680464
283941
955958
396190
0
698521
248161
0
205557
0
0
0
0
0
0
0
0
0
166429
0
0
0
51419
0
360119
504820
0
330966
0
0
669321
85096
0
559222
0
525261
125276
1596821
308636
340468
0
1331377
464643
1450231
0
72245
1041290
2064634
0
0
0
0
0
0
0
0
0
546269
0
0
0
0
678073
0
0
0
1108419
0
514989
0
284098
574118
0
868622
483111
0
292787
0
0
1290787
0
0
0
0
1370893
315649
0
0
0
3611
280746
248744
0
907798
867295
644358
0
0
0
0
0
411816
0
0
152860
390087
276502
0
230004
65524
0
1645236
129808
54684
2305405
0
829542
0
0
0
167834
692149
1105987
724971
0
902497
0
344070
260906
0
0
0
632956
0
0
360603
0
0
481968
0
1109256
108554
1437828
830570
0
650490
0
75449
0
0
544769
0
818274
929270
805902
656929
0
300732
0
0
0
0
0
216687
762081
325637
0
0
40644
244913
0
0
0
0
0
83992
0
0
392137
0
0
987667
0
476213
0
0
659586
1046649
0
0
50708
0
0
128317
0
0
0
0
0
41568
0
281801
0
0
0
0
368986
81524
0
0
0
524539
469173
657361
0
0
483633
45265
0
0
0
0
286073
0
46089
0
147394
0
287002
339017
0
8089
292285
678451
857589
396342
554145
0
1152648
102887
33166
0
834892
294477
200517
407012
663654
0
0
0
0
0
42256
125270
0
627661
348904
0
6432
0
0
719186
0
652586
253690
1023514
0
321842
530268
172168
1180052
0
913832
39157
1627211
0
1477025
185558
0
1000582
643693
0
0
0
1225114
714562
432810
1296909
0
1690509
462439
997956
417768
208644
0
0
0
0
1029183
158121
811255
0
118765
0
768529
86729
0
256024
893603
0
756049
783018
1572936
0
1524588
382249
98237
355353
0
787247
0
0
0
1922113
172844
0
851436
459990
1187797
56463
275036
1276743
0
351156
597881
0
53364
0
0
0
441632
116085
1214444
207106
0
0
231552
0
0
656461
257759
0
83169
0
0
577794
0
0
144795
297415
836055
230966
0
0
528810
0
894282
185993
0
784694
0
708066
576350
171793
0
0
558556
497079
0
429516
565914
0
0
0
0
22156
0
340104
328200
0
0
0
95050
303178
294136
1529349
224280
176969
440130
0
0
166061
243485
54497
0
663062
171039
924802
174569
635170
876798
1405718
0
1547176
0
1412739
34113
0
0
1119749
0
139666
0
696967
0
362561
295031
0
796844
0
0
848360
0
1170850
1773976
235103
77560
0
0
0
101574
0
540281
0
2850947
586438
499544
0
72293
702309
900001
0
0
0
1778865
1056997
0
190202
0
958946
521325
0
0
0
0
410132
835371
323718
86346
0
348448
0
254505
0
0
0
256589
101704
55871
15222
137043
268190
629247
299056
0
467198
0
481110
0
827272
0
589735
0
0
489284
0
0
353149
0
600005
0
1028619
901672
0
0
827937
0
627235
0
0
0
0
69182
0
254846
0
1198969
1190782
0
866173
0
0
177160
0
1012314
0
0
0
0
1775457
0
927585
0
171409
0
758515
548710
0
0
0
0
115067
935171
232469
1628231
0
0
0
509147
428298
0
0
1567061
0
0
443175
532189
194723
0
0
718604
589392
0
155650
290295
0
0
0
0
0
0
1055977
1281062
0
82125
1662706
0
0
635484
397526
0
0
0
0
894758
324243
0
0
0
226649
825832
0
0
13213
0
0
33677
435557
879987
0
479993
1191335
474880
0
658879
796569
46908
104188
838532
1725100
1155184
594906
0
726193
185931
407481
0
0
0
745934
0
1338114
0
0
0
305502
0
0
12956
0
0
261947
103823
0
198412
506741
0
0
279700
190118
323594
0
0
136854
0
1779131
154369
1507272
0
747169
834216
0
1404866
256254
2184131
0
0
603571
0
101338
0
476032
341373
0
0
282505
99537
607150
998321
0
0
0
0
0
0
1218504
0
34888
494940
0
0
0
626664
0
0
0
121609
24777
262887
0
0
0
0
0
0
0
34109
472051
440344
0
0
182242
1707043
0
486391
0
697785
470471
0
0
228093
0
0
0
0
0
1291584
0
0
10593
0
0
1197780
1389517
0
1346771
0
0
198139
28222
981873
0
0
866181
696821
0
0
897437
674437
0
594072
1432765
0
0
8059
169386
0
761797
1428602
0
933624
9091
0
0
747328
0
1361251
0
0
0
0
1214391
0
45948
1292562
0
357391
215043
0
0
0
574902
0
0
0
271331
648630
750535
1000506
262619
62637
608324
370037
0
2035623
0
0
0
628261
0
263228
0
432329
90388
0
62946
0
188502
479137
0
0
213309
0
70469
1117632
0
0
0
0
0
1071514
0
483979
1018505
0
95805
0
0
0
1067620
0
546915
898466
32824
864798
971107
571580
136790
0
0
0
0
1226866
0
0
0
0
1012234
0
577566
1951869
0
33127
0
0
0
137766
8288
832604
0
0
756838
968004
0
142836
0
0
0
851281
0
0
499809
0
0
2068929
546676
0
58957
0
0
873253
136626
205988
394338
0
53361
142798
0
0
426150
337172
561781
85285
351669
0
0
1134253
421912
0
0
712738
140377
0
723499
1712843
0
0
1162734
0
194917
0
349398
72060
0
0
1806971
0
1745493
0
0
1158393
1804782
0
0
0
0
0
916612
0
0
42090
1058557
262914
356507
0
1119452
2278399
0
0
150737
324206
0
1309112
0
0
454122
699907
0
1387310
125361
0
0
0
78067
0
0
0
890481
990685
0
1477791
971286
594084
454279
0
0
0
0
1208893
0
633028
584650
383882
0
1180
709230
0
0
0
615763
0
0
0
0
0
0
1165038
0
387991
0
714974
0
0
0
661610
0
0
411589
539218
0
0
0
0
507672
561095
211183
802560
253211
0
0
146751
80689
851970
1812383
1123527
238986
1372410
457455
748019
0
290762
479962
1826929
0
0
697646
0
0
233371
0
1414049
1194845
0
817842
0
0
406854
0
527899
0
0
221346
1021240
0
563635
0
1045237
244893
936501
1101494
0
1548221
0
0
901378
0
0
329550
110413
0
419008
578252
0
1625687
0
352616
0
147371
560879
0
0
0
339436
584547
0
193862
864246
0
356614
196614
1450081
335306
0
239227
274861
756947
65982
312865
1082921
0
5514
298257
0
0
0
467233
0
412086
1199355
0
874318
302288
0
0
1044723
0
0
0
1042936
0
468655
0
784227
0
1786231
887175
1695902
1065998
0
245312
833301
0
341203
6757
1398103
0
249030
0
0
0
0
0
0
0
610266
22524
0
0
0
193317
0
336643
0
743716
1153680
0
0
68104
0
0
974955
0
1326754
0
281296
1384842
577284
0
366050
238149
0
324717
0
330982
325916
494452
0
715784
233207
475476
0
0
0
0
0
17051
196104
253839
989084
0
0
0
419537
213645
0
1043475
0
0
0
159159
1084320
272750
0
0
2220
708988
136013
186440
655237
0
0
828878
0
0
0
594378
0
0
0
0
0
381798
857260
0
0
440929
0
0
936730
574184
0
0
118693
677132
605815
822189
1211070
1174358
0
0
1061416
356998
331502
2009859
1364602
0
0
0
0
2270261
0
0
0
1544574
1140652
1046459
380265
0
648087
0
707587
991014
932507
0
0
0
0
89928
521449
0
361173
207920
48756
0
13244
694170
1821673
1277482
0
312266
246826
0
199880
462493
0
1055201
470254
810406
0
0
390177
278029
970947
0
233418
345980
48346
0
0
263823
367368
1235765
0
1080624
0
0
1097122
715885
0
0
0
734439
0
931216
0
212708
0
0
0
0
0
0
247758
344285
265471
0
190650
149991
0
0
0
28107
1458171
870292
0
0
0
0
0
658169
0
0
856940
0
0
0
0
0
0
1294290
0
181218
0
41430
493825
0
0
0
0
0
985261
757789
812924
0
0
705235
316923
0
116421
0
0
217029
0
1837945
322919
0
0
0
0
690228
0
505681
0
0
491516
0
136927
593724
0
0
0
0
967973
1023022
225269
452772
727235
0
0
358022
393843
1365991
0
505579
0
0
0
0
0
969903
0
0
258209
368832
549067
252325
0
0
878556
387597
0
0
0
0
0
0
0
909783
709842
0
20676
0
282493
1084407
740679
0
0
0
0
0
1558710
0
0
600615
969956
1266733
1202931
0
0
0
236458
630886
0
0
0
0
1261678
84619
1662451
1231553
0
0
896379
0
1031291
0
226228
0
73166
116847
380598
626216
0
0
568545
0
360773
0
873232
0
36757
253295
114063
714696
0
0
814027
0
0
965939
0
1326995
988867
547088
527335
0
950385
0
212727
0
549245
0
958372
237519
0
0
0
0
0
0
0
0
279947
0
403815
0
0
0
0
0
704202
0
0
0
1149467
938856
0
986684
1043091
0
0
0
0
0
234479
309508
0
363252
0
287061
0
0
0
1169741
0
0
0
611364
0
1337688
47219
1038648
0
0
0
0
1010479
339148
242072
0
615414
756172
481201
0
0
0
0
0
566797
0
0
0
1185501
0
0
0
0
1011366
0
541062
0
0
458288
450783
753337
0
249089
172151
0
486236
0
647301
473722
0
0
708030
925295
0
0
0
1701032
0
0
0
0
1286894
0
0
0
0
497958
0
0
0
458306
97369
0
568550
324907
0
0
547584
2008660
569630
0
0
0
843023
0
669397
0
1014567
0
951271
0
822096
0
0
339411
0
237945
944463
416275
0
0
0
0
0
0
0
0
0
0
1759352
0
0
0
576208
0
494201
0
0
721508
0
0
1387137
2017764
525895
0
0
0
0
688143
0
1229691
0
305111
0
852812
0
0
0
328186
0
0
0
0
0
107096
0
369854
0
0
681851
794342
0
0
0
0
0
0
761724
0
377509
667783
0
0
704240
2216
363993
86635
0
0
138311
614111
1014093
0
0
0
0
0
516717
1009066
0
0
144609
0
242228
0
0
0
0
788924
754209
1085869
924721
413638
0
830036
484517
0
0
849511
0
0
737690
1577271
747790
0
0
0
0
0
580417
1600336
0
0
0
0
0
119385
0
604217
436037
640323
0
723913
662261
855240
762419
0
1118041
0
3728
0
438324
0
968307
291868
437121
0
0
0
601833
63622
0
0
0
311004
0
929729
757242
0
0
0
0
0
960635
942126
1077253
482630
209529
486149
0
587287
634290
1139317
552474
426011
0
407611
372961
583821
443137
814832
0
0
0
0
388261
688964
0
413066
578532
223752
0
1039594
580569
368434
0
959135
0
0
0
1939082
0
1045659
577271
698065
653643
0
435002
761333
50523
0
0
0
0
762951
165658
0
0
0
0
201062
293343
318584
0
1618435
0
1229415
783791
0
67310
1418337
1090950
564823
0
0
0
0
0
0
0
660356
1254774
0
0
0
0
0
867335
0
651411
305817
372021
149189
733305
753969
91493
0
0
627499
171620
566716
456672
0
0
161784
0
87657
0
775574
109189
0
79729
704971
1283757
0
383388
0
742772
1399966
0
0
0
0
115706
0
957238
1067054
0
0
1083495
393765
0
0
0
0
134035
255027
0
119930
0
363718
0
0
303590
709186
0
0
714564
638997
570587
254465
0
1684834
146173
0
947649
726129
321829
0
0
0
206242
649448
0
398157
0
1337712
0
0
0
0
697918
1790911
0
0
0
251206
342971
0
0
805487
778436
672328
14366
138875
0
409395
230433
0
0
230274
882667
0
0
1824096
0
833561
0
0
0
238437
764370
0
0
0
0
0
0
0
0
252312
282786
0
489075
883564
1607187
0
625218
0
555784
0
0
380334
0
1180336
204497
699294
0
0
142678
1157744
0
0
0
257079
0
181853
0
144632
1347036
0
835230
0
460251
394539
0
399244
313207
656324
0
0
974343
0
539516
0
0
0
957415
1101600
775814
51026
325131
63702
0
0
0
0
0
0
708488
1366172
600204
0
219728
446983
293754
0
59167
427310
0
0
1406078
401269
0
0
0
0
0
0
0
285091
70143
0
479245
210270
0
379095
0
0
0
0
0
105247
0
0
540169
0
673251
566560
1099509
0
0
93664
126212
0
2076159
0
0
0
835385
0
1323608
138817
95918
1214306
0
0
0
0
394663
312728
0
0
77038
0
0
1889935
0
0
525809
662083
621188
864893
0
179220
0
211826
0
514487
250694
0
13350
74580
0
0
0
0
0
0
0
665221
1109568
0
345043
1180928
282554
0
0
285909
991990
1376590
1032404
404113
173417
0
529694
0
815377
485434
57412
0
526906
372329
699417
0
0
743704
535672
501450
0
658903
1376759
0
371409
962787
425126
0
1577533
0
774756
274324
66897
0
0
689559
0
612188
0
517342
0
0
1126604
0
381198
1447272
0
0
571924
642522
376215
0
0
317257
253207
372290
237589
674558
0
242193
342436
0
1196288
1432143
281342
1013934
0
938864
0
0
557660
408862
903418
0
0
470678
0
1307932
75500
105208
523942
484284
1330603
0
0
0
1444610
0
0
566005
610971
0
0
446760
1318252
0
1715638
583358
0
0
0
1380479
111384
600129
984632
0
1406036
528185
534671
0
0
0
419486
0
0
809422
1348134
0
50850
598340
0
239335
1272711
0
0
0
1454844
0
0
0
0
103309
771536
0
1382420
429710
0
622096
820215
988392
320031
1250313
509839
209300
359755
30588
0
0
0
0
0
0
318951
0
0
616197
12056
0
0
0
167035
0
0
0
0
0
454471
0
0
0
924180
0
0
0
0
0
913184
488989
0
0
0
666455
1517315
464153
553499
0
0
1642155
1050831
608434
119678
0
0
0
0
830002
0
0
0
1632937
418445
897961
0
0
242629
0
838808
0
0
1646292
0
0
785601
201223
464646
0
0
163754
0
0
986103
0
1680914
270862
0
264098
1597015
639641
0
257447
1232174
0
0
0
767038
0
194809
51860
200613
0
464525
16394
958006
824
0
0
505954
0
0
0
1732055
1208544
0
0
0
0
917180
52983
0
873736
0
1467852
0
378358
0
0
502874
419225
0
0
0
982227
1000059
0
755947
0
0
0
36655
285899
0
111636
0
0
0
446975
0
0
0
298261
1164941
0
1571810
0
1895
655232
411618
97709
1158334
0
194435
0
0
107261
0
0
1054260
918103
1231506
0
0
0
0
0
1795840
0
818162
748724
0
78090
0
338516
0
0
0
647386
0
0
0
241969
162992
0
0
0
1077509
0
545221
0
0
0
717972
0
226132
229103
0
1446416
193618
0
836993
0
0
0
119999
630060
0
0
0
1333683
573551
25933
0
104196
0
354802
0
365829
206796
0
398506
511196
748326
495068
0
538391
80081
1118402
0
115916
0
496127
0
0
0
0
0
0
1280318
0
0
0
0
62075
536881
242479
0
333106
375800
0
0
1069673
0
609188
0
577350
0
648652
81436
0
0
0
953025
587922
524657
0
598866
0
0
0
0
0
0
0
0
159540
49275
205492
742582
0
0
0
332067
896292
0
715952
0
461088
540895
274913
0
0
0
0
680665
1126167
0
0
392334
69174
0
0
1095990
0
220534
811701
0
379997
0
0
500238
449104
0
140559
0
1349958
1347697
571656
386187
0
87092
0
197537
0
0
678532
1383213
0
0
0
456430
596475
0
1707696
0
728805
0
655378
275621
1913969
483681
249520
0
269081
0
0
0
210080
679829
0
0
1004410
164121
0
0
1067481
1261121
0
0
742210
300631
49343
35124
0
768732
361632
0
289366
197766
0
140857
406986
0
891608
0
0
0
0
0
0
0
0
582074
0
0
0
0
461445
0
1318755
230026
0
795284
49171
1114062
0
0
355810
0
1683683
531848
0
272684
0
0
0
10676
0
0
962812
868628
0
1310656
0
0
748316
140521
469832
867734
0
0
0
0
1775707
0
0
0
644988
1071309
327909
0
825183
0
0
0
186189
0
0
139297
0
756393
534662
892550
569292
381011
824805
0
443074
196859
0
410021
0
0
65615
194732
555924
0
0
0
385109
1510219
0
1215972
0
0
259094
557668
913695
0
87790
0
923720
305814
0
0
745918
0
456211
0
0
0
495389
0
0
883798
562011
0
0
393953
0
1253973
0
755873
0
0
78675
184008
0
0
111596
65241
707065
168077
0
0
825988
272296
0
588479
0
1169070
0
827719
0
1022874
0
0
0
0
77659
0
0
0
8622
0
753426
1391150
48623
735106
1366208
901338
652334
0
0
221219
0
942923
0
0
454554
1127598
0
0
491319
0
97104
0
1637283
877537
0
0
0
332163
157703
0
0
0
85633
797083
24780
1796389
0
75126
383673
99565
0
1117933
0
580781
0
0
0
569782
529541
194659
0
0
615574
0
0
0
0
0
0
0
223094
0
663493
69580
800151
222701
0
0
0
558908
1372071
137972
1096349
362463
0
0
800675
1179150
0
299711
0
1638549
1110040
1728946
0
0
0
0
300370
0
982087
0
26067
339683
286965
1033665
1006303
1073931
1035214
337406
0
121483
0
0
0
55172
0
0
78043
0
1219244
162202
363626
994389
0
261202
171052
0
967351
471471
1740316
0
0
900177
0
0
0
64294
0
490744
0
0
0
266398
1309591
0
0
906827
84857
0
0
516715
0
0
494995
0
1154249
0
813637
24077
2148866
1545412
0
949178
930902
945651
283795
0
0
0
696674
0
128182
0
0
10356
0
432885
188340
463435
0
0
0
1034551
0
752279
397049
0
350576
929133
0
0
438822
0
0
239821
1080233
358695
737337
0
83478
553991
391885
0
6578
0
0
0
0
1737648
0
707633
334230
881938
588374
795185
0
317511
253874
405519
0
1439054
591949
0
0
1304039
0
1050327
0
198197
0
1243155
592706
739280
537267
428396
289849
0
0
0
169123
0
1904
913779
0
0
90644
1421343
0
0
249785
224617
791112
0
564615
522831
223871
0
649099
0
0
0
0
0
0
0
802179
0
0
708613
0
1353701
0
266521
0
41111
0
40920
0
0
294838
0
0
0
1196304
0
439097
944054
575953
0
0
0
0
0
431795
272056
0
0
0
0
0
113314
152476
938065
850508
1417395
110018
120557
0
742889
0
776840
0
704168
0
662735
0
0
0
219970
178926
1260011
561047
0
75900
544413
0
0
973852
0
304301
0
0
785603
1584893
0
348218
469549
589857
0
285837
131373
489173
949551
0
0
0
619688
0
986300
0
703526
0
881215
0
0
209375
0
1445180
0
0
0
814409
0
1396728
670726
0
0
710550
0
276977
657915
318621
0
0
1199715
104665
1118495
1107415
0
548669
33679
522254
0
0
0
0
0
226378
0
0
0
0
0
0
1121263
392155
802362
2106019
0
0
0
1458019
0
174670
252731
0
0
799635
619922
611288
280855
0
0
574895
0
329742
0
648540
180666
0
191957
0
0
0
309871
444782
555722
462550
20543
0
375259
0
774141
0
446480
0
218728
713082
476620
0
0
1227512
251467
85137
802295
0
0
0
698280
0
720674
126826
917042
0
0
0
1593537
174704
335036
0
697536
0
358626
0
162649
0
160805
226971
520072
0
0
0
0
459812
154913
35253
0
371299
572937
0
737566
873397
783390
0
657457
0
1021296
0
0
1126678
956130
1762051
0
0
0
532746
202496
448068
0
0
1242573
609805
0
0
796595
142384
233328
0
492589
772200
0
0
491759
0
73611
254582
0
507142
0
0
1036689
0
0
0
237313
0
0
241453
0
0
2127668
85756
1218971
0
0
0
0
0
712439
471935
646344
0
357581
0
338880
226942
0
0
0
0
1567973
374340
0
550061
477096
0
986448
0
0
51310
349622
0
0
234335
0
376824
0
0
298431
379532
0
734568
1057884
0
0
0
0
835924
15894
0
113824
0
381980
182832
0
69441
722167
1698023
1545237
1527394
0
0
0
0
412086
0
0
175489
0
0
70518
627298
738560
486280
0
0
759826
0
0
0
862068
0
0
0
0
1548899
0
230854
0
0
0
0
0
850932
1196490
217288
0
1149790
388486
0
0
0
0
0
477239
301072
1684393
335711
286957
0
1467469
0
0
0
1121174
0
0
1798556
696398
0
257003
880802
0
0
1259233
0
756244
0
0
0
0
0
988482
0
526215
0
192411
0
1169977
0
0
0
314192
0
122196
855017
0
0
0
1514960
1390614
113551
0
1933429
0
0
891825
1046276
0
945781
756262
0
850720
1056169
73802
0
0
0
0
181997
0
197745
1112254
115505
270483
264028
0
0
0
0
126743
1435934
0
304450
0
1940798
567858
0
298269
272525
0
0
1440884
0
0
131553
0
930642
1339444
0
0
0
0
0
179094
39155
139480
181047
794317
2273155
0
0
0
340971
884038
0
0
0
272867
0
39721
404015
0
558175
0
0
356348
1389658
0
1244771
0
0
0
0
973965
257728
433024
171573
0
1018840
25403
0
0
1237098
0
12811
996628
201387
152931
0
330511
599322
590843
1076863
234574
0
0
0
445124
0
0
1570098
0
1453140
0
781613
0
0
1134743
377998
21572
315323
1036371
0
0
127362
316631
0
836098
977262
1661671
0
0
0
451605
1245296
0
0
673900
0
0
0
562189
0
0
30961
0
663050
0
1217624
1086812
350234
0
0
127607
0
289116
768155
851415
91086
85268
915827
0
472439
898153
350142
605828
150151
507094
380837
0
0
298436
479066
1123013
0
0
1578530
0
456300
684087
0
0
1142190
0
693956
0
0
0
0
660539
0
377596
151756
0
1423646
0
0
282596
0
0
122501
612879
486084
0
360867
1393423
62982
1232621
975809
0
1145906
151806
0
968909
0
0
0
0
0
0
607463
0
1298950
0
446594
689927
0
0
853632
0
0
0
0
0
1492949
275019
0
0
435991
0
1455020
1278180
460067
936396
194100
947031
463645
38103
0
428956
0
136406
695795
253042
319146
795128
181729
0
548999
0
1164931
0
0
947094
0
503906
178696
0
75660
0
847655
647828
198007
0
588345
245409
950790
609946
0
167687
0
0
0
734295
1365270
1087405
410192
0
0
0
747429
0
116122
159354
0
0
1050160
0
0
0
0
0
498681
758182
634556
925625
37936
0
130762
454100
346751
1047218
0
661922
0
667696
0
0
0
0
0
463521
0
354328
0
114196
0
0
126976
0
0
0
0
1166199
882644
0
0
367089
0
0
857128
0
0
1890546
1577067
0
0
598038
0
1972052
0
0
1189001
201893
0
76244
0
810726
0
0
430234
20696
0
440781
0
143510
0
0
873952
17926
1127622
1124580
197626
967210
133121
0
55794
1127643
526484
0
0
304449
391806
138758
0
0
1197519
0
0
1291614
442045
0
0
18591
736275
0
328702
246701
1092107
302782
14277
0
14226
0
186982
289732
327974
0
617274
0
556341
56259
0
2053222
0
0
0
0
1288581
0
233218
285664
0
0
994788
0
0
0
49400
0
1295387
568858
796561
0
170874
0
0
0
0
0
0
0
0
0
0
961727
0
0
229937
0
0
0
0
0
410446
0
121942
916636
809840
0
618108
0
0
845123
0
0
100404
48092
0
0
0
0
588695
1195040
769180
0
0
435277
306009
94942
565119
0
706119
0
1107217
0
0
0
1061942
0
0
0
97112
0
0
349122
481009
0
0
656604
311286
1096175
17074
0
0
0
568532
0
0
0
172915
1019900
617202
0
299365
98275
1774679
907872
167635
277774
0
0
0
1010022
0
910165
0
0
0
15368
0
352828
0
0
0
644906
0
1231785
649614
0
254004
0
0
580408
93581
627216
1108889
380674
0
0
330310
0
0
0
1090513
0
336142
1115509
958746
683523
1052922
743344
1166128
1267085
0
257317
0
0
0
224008
261843
0
755480
0
797853
722032
0
0
0
0
0
0
1627109
0
0
62829
0
0
0
0
0
1203545
0
0
0
0
0
510777
0
817968
0
400000
782654
0
0
1741373
222595
0
288532
1200059
1290287
78968
107384
1150486
0
450476
0
200754
380496
0
0
0
338762
221035
1755924
0
0
0
44064
0
336105
0
0
0
0
52943
327541
0
1316308
17960
0
0
0
333779
0
538466
0
255032
0
352512
762136
235676
0
0
1330128
0
0
0
764413
382266
54084
0
0
1182154
666225
0
0
0
441710
0
0
467421
172918
0
567314
277496
0
0
0
0
975180
381884
1082726
0
636743
0
0
148350
1076867
0
0
933236
0
0
97163
0
812285
177314
0
294595
951808
0
716453
846371
0
0
722051
0
56658
1442045
0
403111
1187302
0
2096904
335387
0
0
0
289769
791411
0
245621
1089374
0
0
0
1885489
674148
701514
0
1563743
1078612
0
0
1655263
0
0
941267
335537
0
0
809808
179166
0
0
0
349244
0
0
715895
0
401208
1285555
989275
841948
0
0
1971823
0
167122
147601
0
0
187635
477340
147950
0
880870
241715
0
269131
711439
0
1379204
0
211084
0
554500
0
134850
0
0
0
0
0
289573
0
0
111583
319848
1196364
0
1111573
489387
0
299445
0
0
123894
131439
0
381400
0
0
0
0
0
423334
1945875
336617
0
0
1076026
0
1457416
0
1233833
0
0
1384534
448736
0
308569
0
0
230522
0
0
727426
1015140
0
22293
0
0
1324853
0
0
779432
0
0
0
0
0
0
1101381
507683
0
1247467
0
374378
0
173508
0
0
0
0
0
0
386055
408169
493129
0
0
0
0
0
386333
0
96368
0
51442
19058
461955
271835
0
0
541686
465532
919245
0
1391232
0
192597
0
567820
699209
0
0
1055294
571868
0
1210208
0
673700
0
0
0
1022979
0
214401
726841
115273
145194
251613
356537
0
0
583649
983029
771121
0
0
74317
0
0
0
0
337344
0
55481
817462
0
597091
326954
0
453384
0
713110
0
1364104
712882
0
383270
0
224378
1134850
0
0
87483
114160
450419
0
0
0
95368
907432
210182
0
629453
0
365914
950303
0
1234485
162450
97182
0
0
81114
455328
0
0
644614
0
868727
0
0
479092
718909
0
0
183939
509531
387670
0
0
0
0
994244
305175
0
263550
307650
0
201658
0
300495
0
0
0
376205
913418
0
765420
0
132278
0
0
1150381
0
128709
442610
289304
532091
42677
0
112766
0
777705
0
238045
0
309073
748145
622215
1097635
1650231
0
769305
0
0
408683
104186
994426
0
522520
0
828084
0
0
1216201
0
0
463495
0
0
0
633773
0
0
0
724576
766311
263112
163553
0
0
42571
75872
0
0
0
1106820
298989
0
0
0
0
698718
800532
1492854
0
0
637927
0
838200
0
0
1482071
0
0
0
0
1011724
728515
0
616369
1875608
1145576
421641
201095
0
0
1942511
501380
11032
818120
0
502815
299133
74356
0
256039
505139
0
957102
0
1264900
1028279
0
79185
342110
0
0
274886
521427
778126
0
0
323425
0
0
126159
0
0
200383
287118
0
318520
379126
771020
785277
0
0
0
0
0
0
206948
0
0
335750
0
280666
0
284593
570541
1796053
1338051
998123
39152
1473355
0
278902
0
282571
0
0
1844864
0
0
1238792
0
0
2235873
0
464066
45312
1001918
742213
948802
0
0
1311191
558605
0
892562
38317
1245148
93838
476899
0
0
0
0
303363
0
0
747319
0
0
0
0
1292184
0
0
467750
0
70080
0
468924
0
305862
0
0
0
449523
0
255075
0
0
0
631962
482322
2454731
171885
274605
0
466938
0
0
974311
0
0
960101
63925
524196
60907
918413
207422
319026
504609
645132
198827
54477
728876
747987
0
276151
5166
1034180
195763
0
464044
0
0
0
0
0
0
580989
0
0
911417
0
500470
893984
0
148084
0
669803
0
810363
0
1093579
1080428
1326870
713815
157748
0
546119
0
513980
74806
0
0
0
0
0
967391
0
1693402
0
150300
914276
761347
0
0
658345
0
1492925
0
302616
0
0
0
285170
0
0
0
0
221189
463903
0
1235032
487833
341237
380132
0
913315
0
48542
0
0
607589
157501
676030
0
0
0
0
0
1045338
0
0
0
0
1717657
1392236
0
0
409442
0
0
0
0
363484
534544
0
0
0
0
0
469448
0
696278
232140
0
342350
0
1051414
0
0
0
1029737
646204
0
0
0
1849814
632839
0
0
0
0
0
1232094
0
0
77662
0
92642
1431217
0
634382
0
0
0
0
0
0
130364
0
0
334953
0
0
1428181
273996
119317
179742
0
0
398760
0
0
0
1675177
380680
0
0
1498797
369984
323066
209835
0
1410844
97865
159779
0
428905
45584
0
685635
0
780644
549441
0
598430
774097
0
0
0
0
0
0
1808670
646888
0
171955
0
523178
1351571
1164316
0
0
0
622434
122203
0
164518
786631
0
176688
1374830
193943
0
0
0
1420686
334172
0
1088188
0
492122
177880
1095841
0
0
752827
0
0
0
301799
0
1323494
30965
711145
0
325087
0
0
0
632024
0
0
0
458882
0
258621
0
0
645924
64922
160280
0
0
0
752064
0
0
0
0
1239846
341875
412045
241625
0
0
0
0
0
0
301454
0
827938
0
0
0
913093
0
0
0
0
1304970
0
800803
0
0
443433
845032
0
296829
173918
0
0
405557
0
390810
124836
414865
0
0
0
111304
466142
798871
0
129830
1558515
0
737832
0
213366
1846982
538295
0
185717
0
1012705
0
0
0
909249
455675
5752
1057053
0
0
0
0
280122
710990
109376
0
474743
1710247
42722
0
0
0
1474979
0
0
0
325629
618244
0
0
0
0
0
315446
0
0
0
0
0
771201
0
511391
0
220103
557608
114389
0
0
0
686155
0
0
94409
599855
199825
760660
0
543106
530820
779429
0
1015758
208825
382789
0
952061
0
0
0
1112069
186350
505959
1897515
0
0
373825
2128568
0
0
160143
0
0
0
313653
91281
0
0
0
262343
85765
1380599
16625
0
0
930877
0
0
0
0
0
280072
0
0
1023333
0
799758
900553
0
508232
0
1448665
0
1728610
0
0
0
140828
0
1060533
0
29401
131462
0
0
0
0
0
1279491
0
853666
0
773809
0
475842
0
1156924
0
0
325977
1288755
0
0
654880
0
313385
0
0
4857
638467
0
466798
0
857001
110045
1670412
0
206733
1013246
0
0
607100
0
621228
650510
471930
0
114176
808995
0
836344
658006
200232
0
49126
0
0
821767
0
0
707632
1451113
0
0
479795
0
0
0
0
0
898579
0
0
1183821
0
888110
558737
0
349092
0
0
0
372485
1301646
102297
0
1167102
0
0
197388
0
333833
0
0
0
163904
0
0
51117
0
0
300236
268170
1204250
0
963247
0
0
474567
818143
1591624
0
0
0
0
774249
337571
0
332984
370075
0
453440
520710
348984
40586
881291
0
400453
385728
0
0
0
0
1301899
0
138418
196606
0
0
0
429607
0
374884
0
0
1360751
466684
238935
677917
0
0
334942
0
0
630491
0
961884
579567
0
228196
0
0
973124
711117
769362
0
0
1094342
214890
0
975579
0
1117425
258302
0
0
0
0
61932
1703097
0
969059
0
580258
1088622
0
0
17581
0
0
1040360
1037467
236106
0
1540489
0
447792
0
0
393260
0
2446
957443
0
0
611348
0
0
0
1075435
0
0
876274
0
0
641740
0
0
212475
969294
644993
0
583352
0
0
0
58958
0
515503
0
0
0
635783
443765
0
130994
746841
1395068
1477063
0
0
79506
145967
615882
771711
0
0
0
0
624555
0
189185
800595
0
0
0
0
0
417806
0
0
624306
0
0
0
0
0
1821013
0
0
0
680795
364035
0
281094
0
0
699671
0
701059
0
515495
0
0
0
468739
0
0
426368
527813
16732
138811
233890
0
530606
0
202541
0
0
726022
0
336217
0
555728
0
0
0
451354
0
562278
95492
807753
0
246282
584236
0
30003
198934
815014
0
0
0
181601
0
500822
0
0
672412
0
168097
0
1581627
0
0
263817
75235
0
739259
576439
0
0
0
0
401883
0
0
0
0
967729
723543
1017334
0
1606026
0
1185094
0
0
358373
0
411463
2176960
478466
0
0
0
0
683061
0
258654
0
0
1194938
0
1005508
0
0
1868881
0
0
368149
0
0
1116479
0
226125
386966
0
450518
0
0
210194
903508
339756
93837
791318
0
1603921
0
0
0
142273
510525
1324018
0
0
0
731197
597001
0
0
0
0
400789
1276751
0
0
2598720
0
0
628123
0
1198988
0
0
554716
0
0
0
86522
0
0
761415
543996
122926
1830820
0
1392258
0
0
0
742727
417892
549874
1572490
0
1056326
658467
0
0
0
0
494227
0
564602
461896
1163989
0
0
429922
879991
314605
502479
290757
245324
346281
737930
137428
1368272
1711971
0
0
0
0
0
0
885741
0
905575
350737
694034
0
0
0
0
0
0
1217096
517435
37958
39041
423853
397639
951997
0
596680
0
0
1023317
0
304737
0
0
0
1326578
1287442
0
0
1078804
0
43195
0
194593
0
0
0
645886
837108
0
58878
608640
809367
1213468
0
61630
335016
0
0
0
709117
0
0
2890469
0
0
0
0
691885
706212
435925
192720
173774
0
403441
0
0
655790
0
225931
703354
2649597
16664
513562
1096825
264528
0
0
0
0
838377
0
0
915613
1285709
361907
108261
272170
0
0
512916
0
115754
0
80434
30144
513498
97680
0
59866
207785
362582
1070521
0
1157779
1362687
0
0
980683
0
0
311291
147330
1570884
0
0
65076
0
0
196235
605249
0
0
0
0
0
332391
0
2008850
1077401
211846
708609
0
0
0
2112296
338914
245566
0
0
389639
1307048
485420
0
0
742053
574213
505160
216444
0
140776
0
576823
0
127659
0
200723
0
0
0
0
234190
259186
1579870
0
1469438
0
1482079
0
82394
126318
0
1765493
0
0
0
860195
409987
374216
536191
0
1034714
0
613380
968025
194393
2021938
0
0
738571
0
1457451
1190314
0
0
1051792
0
1011786
0
0
1466470
0
0
58549
604767
674126
0
822002
0
0
0
1152976
327107
708786
155940
0
0
557004
156965
897149
1481725
0
673289
0
0
221308
0
0
446774
2115710
0
295009
571752
1113707
0
0
0
214039
0
959489
584591
0
271455
1833752
0
1131137
0
619336
722187
4906
0
0
1173225
0
175184
0
0
365410
0
0
0
177429
0
0
1014051
0
254528
0
644106
0
1004358
0
0
863927
0
0
269511
978962
2813220
1229053
411546
0
402893
380541
1763762
252831
1110896
1057429
0
0
238304
0
0
0
1448564
782893
0
0
0
420268
0
257153
0
0
1120018
0
0
529776
417441
1008971
0
0
790734
0
0
281044
0
0
1356389
0
0
162156
139472
0
115182
338073
0
1447853
602516
249999
557429
0
342061
341856
0
178225
0
0
540878
434026
0
0
0
739478
792138
0
1641934
0
100035
0
0
0
321313
1706955
0
276634
0
891945
0
761452
817420
0
549368
0
0
284939
1661913
0
2092671
1018031
0
0
0
1207778
524747
438471
681075
0
613980
21335
566083
663832
0
0
0
7263
0
918167
0
71718
125255
829676
0
0
0
0
2632378
0
0
232082
1387635
566146
397847
0
0
627020
188711
448456
0
549096
0
302475
0
808291
647908
82430
0
0
260941
0
1164349
0
582096
0
0
881617
1175190
93510
0
2041793
410502
0
0
0
1788989
0
224463
224361
0
0
986372
0
413666
394098
0
319560
0
619544
179343
0
8303
1714265
0
770132
1090842
212377
0
334285
0
798830
398595
0
0
0
446108
590249
254502
704024
0
0
924998
0
0
0
1050456
0
0
0
760117
0
0
0
12401
0
90741
205975
123283
0
0
572123
270976
0
441146
1262940
0
0
670753
0
1630878
0
938956
0
180698
64589
961390
0
0
0
0
0
0
217500
619352
201008
291863
1347301
0
0
754950
41056
0
0
1963122
491361
0
0
0
0
846792
0
0
958525
0
166582
0
999204
0
157669
662745
1394640
0
0
467837
0
0
0
0
783387
78421
242393
1253494
0
0
0
0
0
255499
1128618
237864
0
1589886
0
11547
0
1181117
0
676343
0
0
0
1319364
1271511
386017
494481
0
0
0
0
0
0
12344
1582622
0
730825
0
388304
203049
0
0
595427
187786
1017577
936338
0
540140
0
164067
0
0
1275102
0
525101
535353
1264242
658602
279284
435899
0
0
1214399
610426
900386
0
0
83784
594851
0
538323
287610
0
0
799145
0
1597752
211910
0
235048
82410
1407333
285274
1348252
212549
0
0
1421356
393839
0
897363
484018
0
380137
731164
0
0
626785
0
0
136656
3193315
87708
0
744922
265907
0
0
2215238
0
0
1457168
0
0
0
250901
110925
332235
0
0
534771
267602
1109424
355207
364437
0
291989
0
0
203142
0
0
1223634
696440
732182
0
735568
0
0
0
213239
0
0
0
0
0
0
0
155299
0
1096977
0
1108191
0
101934
1946488
0
232311
0
12779
781806
0
0
0
151352
0
0
0
611437
0
0
483843
0
995552
0
1413282
0
0
1327446
0
1824658
0
503877
0
0
2139931
0
0
843813
790926
0
0
0
924490
513525
345066
877405
0
0
0
1357500
122447
350544
0
36772
381209
0
237061
0
0
1079613
31306
480933
0
1737045
770913
0
0
0
1958751
0
0
1316260
279869
284085
531685
0
2044799
0
0
574714
874194
0
903086
0
0
1304954
1524320
0
0
818520
0
588797
2060949
0
585092
0
312604
0
0
0
129108
941892
92100
266603
0
706068
482224
0
179916
1286917
0
0
0
637841
127530
1079352
521256
1394499
138361
345146
0
655233
0
0
0
0
0
447224
3847
0
0
0
1776825
273145
0
757773
0
0
1626595
0
174295
626620
1897365
360468
1648559
0
629427
0
115017
0
683971
0
0
357757
0
890454
0
54527
0
0
0
987284
0
0
0
0
712914
0
0
0
0
1630042
0
179879
0
0
0
595846
0
0
1897099
0
28803
753422
652947
0
817714
879820
1307966
0
0
116031
0
766300
0
0
198560
219809
0
120015
34326
304813
161368
51165
0
583010
0
230218
0
301656
407184
491989
0
0
0
246781
0
0
279602
0
769859
582490
1665089
299011
124185
122985
0
0
0
596337
350375
0
1723146
101404
63311
0
209171
0
0
0
27096
0
0
0
429566
0
0
0
841862
0
89602
0
0
839566
0
301311
877209
0
130235
570342
1212316
0
103845
346337
605754
11423
1263126
562652
405773
0
292206
798960
295865
0
0
408343
0
304795
677827
0
605843
0
488067
0
830298
0
0
0
0
845
0
383076
0
262962
0
0
0
820743
0
0
0
0
0
0
0
543818
111009
1014219
0
0
0
0
1012018
0
0
0
0
0
0
0
1028264
0
811250
1357718
0
0
292141
0
861331
0
0
0
0
0
596011
140596
37851
0
0
186677
1053411
0
0
1090067
0
1316606
0
146669
0
601315
0
0
0
601288
1078031
424374
0
677145
0
0
0
0
0
640581
0
811863
0
0
0
248355
0
0
0
0
300234
0
687059
299407
0
685215
0
51118
0
0
0
168128
266675
0
0
199957
0
0
655209
578516
244391
693211
1310545
208389
0
0
836395
82020
0
1024762
48493
565483
85904
0
0
0
0
0
783274
924838
0
1247212
0
0
0
1146410
0
0
0
625550
277822
0
0
1256460
0
0
612830
311819
107662
491210
642607
1580468
447370
0
425895
0
524817
0
2040230
44891
0
717037
0
0
413062
0
0
0
0
143393
0
0
0
120719
0
0
0
0
498902
398629
0
1948671
0
0
1045959
0
0
915078
0
319379
674317
481899
0
146621
0
0
252684
0
0
434227
0
694427
0
0
497251
0
614332
0
0
0
0
83534
1151761
39614
0
0
198652
356079
0
405861
0
0
361004
82688
0
2054645
157723
643268
0
0
611632
0
0
0
0
0
949563
359601
0
313998
0
0
229537
1382784
0
801849
0
140245
1304393
145753
800797
352391
1696759
0
0
0
663013
213517
697395
69647
0
0
0
802235
0
167882
0
0
0
266351
162678
0
0
85201
0
47831
0
111050
0
982066
0
771252
0
370922
0
0
521872
0
832719
398201
41253
552690
0
233119
0
0
0
0
206718
0
191126
220455
0
350824
0
0
111175
19912
151046
197736
0
0
0
1074202
0
330178
0
318409
602410
54664
0
44649
425246
954580
0
5798
0
0
844711
0
1330526
630688
0
0
0
875317
647350
0
657264
0
49507
635941
158654
370118
0
0
280348
1408127
447219
0
0
0
730498
581247
841173
0
718604
740219
441593
71874
0
365982
0
0
76634
675567
0
0
52257
806371
0
0
0
137060
929100
181489
1119075
255211
0
1766109
0
512729
0
132126
0
0
0
1592919
1410955
938994
168972
520820
413011
335074
707623
1047658
0
245717
783841
0
200762
0
0
855761
0
204575
0
519277
587220
115892
0
0
600030
865728
342303
0
884280
0
646361
857424
0
0
0
557780
245500
0
0
0
0
130386
1298406
0
0
1729133
454185
0
643020
0
0
101361
634902
588663
0
0
0
146802
489099
0
0
164952
0
107123
25651
0
609041
302966
880742
1959231
1097071
0
0
134660
1042493
0
105908
769684
0
29619
0
0
174158
0
0
1170958
56047
0
0
0
239438
0
53860
0
223194
110468
0
0
0
0
1335674
1142339
641864
684484
0
0
0
345462
0
625398
1201340
0
0
1741
0
0
0
0
0
142269
194320
0
0
315201
0
11221
0
445625
227907
0
0
0
0
820962
645213
0
0
313324
112615
0
0
0
0
0
0
0
143502
1474204
23097
193002
0
53739
0
1284990
0
0
0
1584572
0
0
0
0
0
0
1036584
0
0
1266795
110088
435735
112351
366192
0
0
1106319
0
292023
306721
0
0
448752
769866
137026
0
1143556
0
406551
313344
485495
0
0
0
0
510774
1115200
722148
0
0
915524
0
0
0
0
898692
0
239087
1022114
0
0
707313
0
0
0
0
836878
678281
0
400313
0
662960
465246
1572787
1059014
0
0
141014
0
397604
1417150
0
0
0
216690
0
0
0
0
0
457172
1402498
0
1078885
711686
0
0
0
0
1215372
0
412528
148319
0
0
0
0
578980
0
920782
114181
2361
0
0
0
584213
0
597469
567527
1366623
925954
0
0
0
0
0
632749
0
0
662447
576176
580975
0
14697
126807
291232
0
0
809303
0
0
393788
0
537588
320059
386449
1011321
9547
0
0
0
0
0
0
0
628164
20963
1230676
153954
0
0
0
0
314205
437812
0
0
241806
857065
0
0
0
0
0
356146
121665
0
121740
0
0
444336
41574
670664
0
0
0
0
604538
0
0
1045096
409714
0
0
0
0
0
1063560
0
0
720772
750479
319110
388501
0
0
0
628019
403369
782231
735143
773466
0
0
0
0
0
593955
0
517006
1029857
802663
0
331702
191776
380158
341644
0
0
0
722136
0
0
20054
14644
1061588
285473
1998409
1190219
0
802851
882146
202300
0
0
225052
856291
0
335834
0
452029
82643
137688
0
112715
770130
0
0
53707
0
273491
1240917
0
0
0
839542
195904
626346
96104
0
830314
0
0
0
2064631
696606
0
0
0
0
0
0
750117
0
497257
1176863
0
0
1777585
8450
383826
179595
0
0
0
1640228
0
132585
0
364916
0
558070
1866590
779398
0
0
0
0
0
0
0
0
0
0
834514
549307
0
0
0
545198
417481
677420
310071
0
1026582
420357
0
0
0
0
33784
240980
928286
1419582
254940
936063
0
0
62650
685870
0
0
0
1230665
0
347265
562896
0
202813
0
427129
0
0
0
0
1318919
0
0
0
0
793232
1382137
0
0
0
0
728127
954348
0
757160
262223
0
0
0
1184884
0
624571
0
0
0
114733
0
852295
275221
655893
0
0
0
122685
0
0
768675
0
0
1677062
229123
0
227715
0
0
1202535
0
